4377 
4356 
4335 
4314 
4293 
4272 
4251 
4230 
4209 
4188 
4167 
4146 
4125 
4104 
4083 
4062 
4041 
4020 
3999 
3978 
3957 
3936 
3915 
3894 
3873 
3852 
3831 
3810 
3789 
3768 
3747 
3726 
3705 
3684 
3659 
3633 
3604 
3575 
3545 
3514 
3481 
3448 
3415 
3381 
3346 
3311 
3276 
3240 
3204 
3167 
3130 
3093 
3055 
3017 
2979 
2940 
2902 
2864 
2826 
2788 
2750 
2712 
2673 
2634 
2595 
2556 
2517 
2476 
2435 
2394 
2351 
2307 
2263 
2219 
2175 
2131 
2086 
2040 
1993 
1946 
1899 
1852 
1805 
1758 
1711 
1664 
1617 
1570 
1523 
1475 
1427 
1379 
1330 
1281 
1232 
1183 
1135 
1087 
1039 
991 
943 
896 
849 
802 
755 
708 
661 
614 
567 
520 
473 
426 
379 
331 
283 
236 
189 
143 
97 
51 
5 
-41 
-88 
-134 
-180 
-225 
-269 
-313 
-357 
-400 
-442 
-482 
-521 
-560 
-599 
-638 
-677 
-715 
-753 
-791 
-829 
-867 
-905 
-943 
-980 
-1017 
-1054 
-1090 
-1126 
-1162 
-1197 
-1232 
-1266 
-1300 
-1333 
-1366 
-1398 
-1430 
-1461 
-1491 
-1520 
-1548 
-1576 
-1601 
-1625 
-1645 
-1665 
-1685 
-1705 
-1725 
-1745 
-1765 
-1785 
-1805 
-1825 
-1845 
-1865 
-1884 
-1903 
-1922 
-1940 
-1958 
-1976 
-1994 
-2012 
-2030 
-2048 
-2065 
-2082 
-2098 
-2114 
-2130 
-2145 
-2159 
-2173 
-2185 
-2196 
-2205 
-2194 
-2183 
-2170 
-2157 
-2142 
-2127 
-2112 
-2096 
-2079 
-2062 
-2045 
-2028 
-2011 
-1994 
-1977 
-1959 
-1941 
-1923 
-1905 
-1886 
-1867 
-1848 
-1829 
-1810 
-1791 
-1772 
-1753 
-1734 
-1715 
-1696 
-1677 
-1658 
-1639 
-1616 
-1592 
-1565 
-1538 
-1509 
-1480 
-1449 
-1418 
-1387 
-1355 
-1322 
-1289 
-1256 
-1222 
-1187 
-1152 
-1117 
-1082 
-1046 
-1010 
-974 
-937 
-900 
-863 
-826 
-789 
-752 
-715 
-677 
-639 
-601 
-563 
-525 
-486 
-446 
-404 
-361 
-318 
-275 
-232 
-188 
-144 
-99 
-54 
-9 
36 
81 
126 
171 
215 
260 
305 
351 
397 
443 
489 
535 
581 
627 
673 
719 
765 
811 
857 
903 
949 
995 
1041 
1087 
1133 
1179 
1225 
1271 
1317 
1362 
1407 
1452 
1498 
1544 
1590 
1636 
1682 
1728 
1774 
1820 
1865 
1910 
1954 
1998 
2041 
2084 
2127 
2170 
2212 
2253 
2293 
2332 
2369 
2406 
2443 
2480 
2517 
2554 
2590 
2626 
2662 
2698 
2734 
2770 
2805 
2840 
2875 
2910 
2944 
2978 
3012 
3045 
3078 
3110 
3142 
3173 
3204 
3234 
3264 
3293 
3321 
3348 
3374 
3399 
3422 
3444 
3462 
3479 
3496 
3513 
3530 
3547 
3563 
3579 
3595 
3611 
3627 
3643 
3659 
3675 
3691 
3707 
3722 
3737 
3752 
3766 
3780 
3794 
3808 
3822 
3835 
3847 
3859 
3871 
3882 
3892 
3902 
3911 
3917 
3907 
3897 
3885 
3873 
3861 
3849 
3835 
3821 
3807 
3793 
3779 
3764 
3748 
3732 
3716 
3700 
3684 
3668 
3652 
3636 
3620 
3604 
3587 
3570 
3553 
3536 
3519 
3501 
3483 
3465 
3447 
3429 
3411 
3389 
3365 
3339 
3313 
3285 
3257 
3227 
3197 
3167 
3136 
3104 
3072 
3040 
3007 
2973 
2939 
2905 
2871 
2836 
2801 
2766 
2730 
2694 
2658 
2622 
2586 
2550 
2514 
2477 
2440 
2403 
2366 
2329 
2291 
2253 
2213 
2172 
2131 
2090 
2047 
2004 
1961 
1917 
1873 
1829 
1785 
1741 
1696 
1651 
1606 
1561 
1516 
1471 
1426 
1381 
1336 
1292 
1248 
1204 
1160 
1116 
1072 
1028 
984 
940 
895 
850 
805 
760 
715 
670 
624 
578 
532 
487 
442 
397 
352 
308 
264 
220 
176 
132 
88 
44 
0 
-44 
-87 
-129 
-170 
-211 
-252 
-293 
-333 
-372 
-409 
-446 
-482 
-518 
-554 
-590 
-626 
-662 
-697 
-732 
-767 
-802 
-837 
-872 
-906 
-940 
-974 
-1008 
-1041 
-1074 
-1107 
-1139 
-1171 
-1202 
-1233 
-1263 
-1293 
-1322 
-1351 
-1379 
-1406 
-1431 
-1455 
-1478 
-1499 
-1518 
-1534 
-1549 
-1564 
-1579 
-1594 
-1609 
-1624 
-1639 
-1654 
-1669 
-1684 
-1699 
-1714 
-1728 
-1742 
-1756 
-1769 
-1782 
-1795 
-1808 
-1821 
-1834 
-1846 
-1858 
-1869 
-1880 
-1891 
-1902 
-1912 
-1921 
-1930 
-1939 
-1945 
-1936 
-1926 
-1916 
-1906 
-1896 
-1886 
-1874 
-1862 
-1850 
-1838 
-1826 
-1814 
-1802 
-1789 
-1775 
-1761 
-1747 
-1733 
-1719 
-1705 
-1691 
-1677 
-1663 
-1649 
-1635 
-1621 
-1606 
-1591 
-1576 
-1561 
-1546 
-1530 
-1513 
-1493 
-1471 
-1447 
-1423 
-1397 
-1371 
-1343 
-1315 
-1287 
-1258 
-1228 
-1198 
-1168 
-1137 
-1105 
-1073 
-1041 
-1009 
-976 
-943 
-910 
-876 
-842 
-808 
-774 
-740 
-706 
-672 
-637 
-602 
-567 
-532 
-497 
-461 
-425 
-389 
-352 
-314 
-276 
-236 
-196 
-156 
-115 
-74 
-33 
8 
50 
93 
136 
179 
222 
265 
308 
350 
392 
434 
476 
518 
560 
602 
643 
684 
726 
768 
810 
852 
894 
936 
979 
1022 
1065 
1108 
1151 
1194 
1237 
1280 
1322 
1364 
1406 
1448 
1489 
1530 
1571 
1612 
1653 
1694 
1735 
1775 
1814 
1852 
1890 
1928 
1964 
2000 
2036 
2071 
2106 
2140 
2174 
2208 
2242 
2276 
2310 
2343 
2376 
2409 
2442 
2475 
2508 
2540 
2572 
2604 
2636 
2667 
2698 
2729 
2759 
2789 
2818 
2847 
2875 
2903 
2930 
2956 
2981 
3005 
3028 
3050 
3071 
3089 
3104 
3117 
3130 
3143 
3156 
3169 
3182 
3195 
3208 
3221 
3234 
3247 
3259 
3271 
3283 
3295 
3306 
3317 
3328 
3339 
3350 
3361 
3372 
3382 
3392 
3401 
3410 
3419 
3428 
3437 
3446 
3454 
3461 
3464 
3455 
3446 
3437 
3428 
3418 
3407 
3396 
3385 
3374 
3363 
3352 
3341 
3330 
3318 
3305 
3292 
3279 
3266 
3253 
3240 
3227 
3214 
3201 
3188 
3175 
3162 
3149 
3136 
3122 
3108 
3094 
3080 
3064 
3045 
3024 
3001 
2978 
2953 
2928 
2901 
2874 
2847 
2819 
2790 
2761 
2732 
2702 
2671 
2640 
2609 
2578 
2546 
2514 
2482 
2449 
2416 
2383 
2350 
2317 
2284 
2251 
2217 
2183 
2149 
2115 
2081 
2046 
2011 
1976 
1940 
1904 
1868 
1832 
1796 
1758 
1719 
1680 
1641 
1602 
1562 
1521 
1480 
1439 
1398 
1357 
1316 
1275 
1234 
1194 
1154 
1114 
1074 
1034 
994 
953 
913 
873 
833 
793 
752 
711 
670 
629 
588 
547 
506 
465 
424 
383 
343 
303 
263 
223 
184 
145 
106 
67 
28 
-11 
-49 
-86 
-122 
-157 
-192 
-227 
-262 
-297 
-332 
-366 
-400 
-433 
-466 
-499 
-532 
-565 
-598 
-630 
-662 
-694 
-726 
-758 
-790 
-821 
-852 
-883 
-914 
-944 
-974 
-1004 
-1033 
-1062 
-1090 
-1118 
-1145 
-1171 
-1196 
-1221 
-1245 
-1268 
-1290 
-1311 
-1330 
-1346 
-1360 
-1372 
-1384 
-1396 
-1408 
-1420 
-1432 
-1444 
-1456 
-1468 
-1480 
-1492 
-1503 
-1514 
-1525 
-1536 
-1546 
-1556 
-1566 
-1576 
-1586 
-1596 
-1606 
-1616 
-1626 
-1635 
-1644 
-1652 
-1660 
-1668 
-1676 
-1684 
-1692 
-1695 
-1688 
-1680 
-1671 
-1662 
-1653 
-1644 
-1635 
-1626 
-1617 
-1608 
-1599 
-1589 
-1579 
-1568 
-1557 
-1546 
-1535 
-1524 
-1513 
-1502 
-1491 
-1480 
-1469 
-1458 
-1447 
-1436 
-1425 
-1414 
-1402 
-1390 
-1378 
-1366 
-1352 
-1335 
-1315 
-1294 
-1273 
-1250 
-1227 
-1202 
-1177 
-1152 
-1126 
-1099 
-1072 
-1045 
-1017 
-988 
-959 
-930 
-901 
-871 
-841 
-811 
-780 
-749 
-718 
-687 
-656 
-625 
-594 
-562 
-530 
-498 
-466 
-434 
-401 
-368 
-335 
-302 
-269 
-236 
-203 
-170 
-137 
-104 
-71 
-38 
-4 
30 
64 
99 
135 
171 
207 
243 
279 
315 
350 
385 
420 
455 
490 
525 
561 
596 
631 
666 
701 
737 
773 
809 
845 
881 
917 
953 
989 
1025 
1060 
1095 
1130 
1164 
1198 
1232 
1266 
1300 
1333 
1365 
1397 
1429 
1461 
1492 
1523 
1554 
1585 
1616 
1647 
1678 
1708 
1738 
1768 
1798 
1828 
1858 
1888 
1918 
1948 
1978 
2008 
2038 
2068 
2098 
2127 
2156 
2185 
2214 
2242 
2270 
2298 
2325 
2352 
2378 
2404 
2429 
2453 
2476 
2499 
2521 
2542 
2561 
2580 
2597 
2611 
2623 
2633 
2643 
2653 
2663 
2673 
2683 
2693 
2703 
2713 
2723 
2733 
2743 
2753 
2762 
2771 
2780 
2789 
2797 
2805 
2813 
2821 
2829 
2837 
2845 
2853 
2861 
2869 
2877 
2884 
2891 
2897 
2903 
2903 
2895 
2887 
2879 
2871 
2863 
2855 
2847 
2839 
2830 
2821 
2811 
2801 
2791 
2781 
2771 
2761 
2751 
2741 
2731 
2721 
2711 
2701 
2691 
2681 
2671 
2661 
2650 
2639 
2628 
2617 
2606 
2595 
2581 
2565 
2546 
2526 
2506 
2484 
2461 
2437 
2413 
2389 
2364 
2338 
2312 
2286 
2259 
2231 
2203 
2175 
2147 
2119 
2091 
2063 
2035 
2007 
1979 
1951 
1923 
1895 
1867 
1838 
1809 
1780 
1751 
1722 
1692 
1662 
1632 
1602 
1572 
1542 
1512 
1482 
1452 
1422 
1392 
1362 
1332 
1302 
1272 
1242 
1212 
1182 
1152 
1121 
1089 
1058 
1027 
996 
965 
934 
903 
873 
843 
813 
782 
751 
720 
689 
658 
626 
594 
562 
530 
499 
468 
437 
407 
377 
347 
318 
289 
260 
231 
202 
173 
144 
115 
86 
57 
29 
1 
-27 
-55 
-83 
-111 
-139 
-166 
-193 
-220 
-247 
-274 
-301 
-328 
-355 
-382 
-409 
-436 
-463 
-490 
-517 
-543 
-569 
-595 
-621 
-646 
-671 
-696 
-721 
-746 
-771 
-796 
-820 
-843 
-866 
-888 
-909 
-929 
-947 
-965 
-982 
-996 
-1007 
-1016 
-1025 
-1034 
-1043 
-1052 
-1061 
-1070 
-1079 
-1088 
-1097 
-1106 
-1115 
-1124 
-1133 
-1142 
-1151 
-1160 
-1168 
-1176 
-1184 
-1192 
-1199 
-1206 
-1213 
-1220 
-1227 
-1234 
-1241 
-1248 
-1255 
-1262 
-1269 
-1269 
-1263 
-1257 
-1250 
-1243 
-1236 
-1228 
-1220 
-1212 
-1204 
-1196 
-1188 
-1180 
-1172 
-1164 
-1156 
-1148 
-1140 
-1132 
-1124 
-1116 
-1108 
-1100 
-1092 
-1083 
-1074 
-1065 
-1056 
-1047 
-1038 
-1028 
-1018 
-1008 
-996 
-982 
-965 
-947 
-929 
-909 
-888 
-866 
-844 
-822 
-800 
-778 
-756 
-733 
-710 
-686 
-662 
-638 
-614 
-590 
-566 
-542 
-518 
-494 
-470 
-446 
-422 
-398 
-374 
-349 
-324 
-299 
-274 
-249 
-223 
-197 
-171 
-145 
-119 
-93 
-67 
-41 
-15 
11 
37 
63 
89 
115 
141 
167 
193 
219 
244 
269 
294 
319 
344 
369 
393 
417 
441 
466 
491 
516 
541 
566 
591 
616 
641 
666 
690 
714 
738 
763 
788 
813 
838 
863 
888 
913 
938 
963 
988 
1013 
1038 
1063 
1088 
1113 
1138 
1162 
1186 
1210 
1234 
1258 
1282 
1306 
1329 
1352 
1375 
1398 
1421 
1444 
1467 
1490 
1513 
1536 
1559 
1582 
1605 
1628 
1650 
1672 
1694 
1715 
1736 
1757 
1778 
1799 
1820 
1841 
1862 
1882 
1901 
1920 
1939 
1958 
1977 
1994 
2010 
2025 
2037 
2047 
2055 
2063 
2071 
2078 
2085 
2092 
2099 
2106 
2113 
2120 
2127 
2134 
2141 
2148 
2155 
2162 
2169 
2176 
2183 
2190 
2197 
2204 
2211 
2218 
2224 
2230 
2236 
2242 
2248 
2253 
2258 
2263 
2261 
2254 
2247 
2240 
2233 
2226 
2219 
2212 
2205 
2198 
2191 
2184 
2177 
2170 
2163 
2156 
2149 
2142 
2134 
2126 
2118 
2110 
2102 
2094 
2086 
2077 
2068 
2059 
2050 
2041 
2032 
2023 
2014 
2003 
1990 
1974 
1957 
1940 
1923 
1905 
1886 
1867 
1848 
1829 
1810 
1791 
1771 
1751 
1730 
1709 
1688 
1667 
1646 
1625 
1604 
1583 
1562 
1541 
1520 
1499 
1478 
1456 
1434 
1412 
1390 
1368 
1346 
1323 
1300 
1277 
1254 
1231 
1208 
1185 
1162 
1139 
1116 
1093 
1070 
1047 
1025 
1003 
981 
959 
937 
916 
895 
874 
853 
832 
811 
790 
770 
750 
730 
710 
690 
670 
650 
630 
610 
590 
570 
550 
530 
510 
490 
470 
450 
429 
408 
387 
366 
344 
322 
300 
278 
256 
234 
212 
190 
168 
147 
126 
105 
84 
63 
42 
22 
2 
-18 
-38 
-58 
-78 
-98 
-118 
-138 
-158 
-178 
-198 
-218 
-238 
-258 
-277 
-296 
-315 
-333 
-351 
-369 
-387 
-405 
-423 
-441 
-459 
-476 
-492 
-508 
-524 
-540 
-556 
-570 
-584 
-598 
-610 
-620 
-628 
-636 
-644 
-651 
-658 
-665 
-672 
-679 
-686 
-693 
-700 
-706 
-712 
-718 
-724 
-730 
-736 
-742 
-748 
-754 
-760 
-766 
-772 
-778 
-784 
-790 
-796 
-802 
-808 
-814 
-820 
-826 
-825 
-820 
-815 
-810 
-805 
-800 
-795 
-789 
-783 
-777 
-771 
-765 
-759 
-753 
-747 
-741 
-734 
-727 
-720 
-713 
-706 
-699 
-692 
-685 
-678 
-671 
-664 
-657 
-650 
-643 
-636 
-629 
-622 
-613 
-602 
-590 
-577 
-564 
-551 
-537 
-522 
-507 
-492 
-477 
-462 
-447 
-431 
-415 
-398 
-381 
-364 
-347 
-330 
-313 
-296 
-279 
-262 
-245 
-228 
-211 
-194 
-176 
-158 
-140 
-122 
-104 
-86 
-67 
-48 
-29 
-10 
8 
26 
44 
61 
78 
95 
112 
129 
146 
163 
180 
197 
214 
231 
248 
265 
282 
299 
316 
333 
350 
367 
384 
401 
418 
435 
452 
469 
486 
503 
520 
537 
554 
571 
588 
605 
622 
639 
656 
673 
690 
707 
724 
741 
758 
775 
792 
809 
826 
843 
860 
876 
892 
908 
924 
940 
956 
972 
988 
1004 
1020 
1036 
1052 
1068 
1084 
1100 
1116 
1132 
1148 
1164 
1180 
1196 
1211 
1226 
1241 
1255 
1269 
1283 
1297 
1311 
1325 
1339 
1353 
1366 
1378 
1390 
1402 
1414 
1426 
1436 
1446 
1456 
1464 
1471 
1477 
1483 
1489 
1495 
1501 
1507 
1513 
1519 
1525 
1531 
1537 
1543 
1549 
1555 
1561 
1567 
1573 
1579 
1584 
1589 
1594 
1599 
1604 
1609 
1614 
1619 
1624 
1629 
1634 
1639 
1643 
1647 
1644 
1638 
1632 
1626 
1620 
1614 
1608 
1602 
1596 
1590 
1584 
1578 
1572 
1566 
1560 
1554 
1548 
1542 
1536 
1530 
1524 
1518 
1512 
1506 
1500 
1494 
1488 
1482 
1476 
1470 
1464 
1458 
1452 
1445 
1437 
1428 
1418 
1408 
1398 
1387 
1375 
1363 
1351 
1339 
1327 
1315 
1302 
1289 
1275 
1261 
1247 
1233 
1219 
1206 
1193 
1180 
1167 
1154 
1141 
1128 
1115 
1101 
1087 
1073 
1059 
1045 
1031 
1016 
1001 
986 
971 
956 
941 
926 
911 
896 
881 
866 
851 
836 
821 
806 
791 
776 
761 
746 
731 
716 
701 
686 
671 
656 
641 
626 
611 
596 
581 
566 
551 
536 
521 
506 
491 
476 
461 
446 
431 
416 
401 
386 
371 
356 
341 
326 
311 
296 
281 
266 
251 
236 
221 
206 
192 
178 
164 
150 
136 
122 
109 
96 
83 
70 
57 
44 
31 
18 
5 
-8 
-21 
-34 
-47 
-60 
-73 
-85 
-97 
-109 
-120 
-131 
-142 
-153 
-164 
-175 
-186 
-197 
-207 
-216 
-225 
-234 
-243 
-252 
-259 
-266 
-273 
-278 
-283 
-288 
-293 
-298 
-303 
-308 
-313 
-318 
-323 
-328 
-333 
-338 
-343 
-348 
-353 
-358 
-363 
-368 
-373 
-378 
-383 
-388 
-393 
-398 
-403 
-408 
-413 
-418 
-423 
-428 
-433 
-438 
-443 
-441 
-437 
-433 
-429 
-425 
-421 
-417 
-413 
-409 
-405 
-401 
-397 
-393 
-389 
-385 
-381 
-377 
-373 
-369 
-365 
-361 
-357 
-353 
-349 
-345 
-341 
-337 
-333 
-329 
-325 
-321 
-317 
-313 
-309 
-305 
-300 
-294 
-288 
-282 
-275 
-267 
-259 
-251 
-243 
-235 
-227 
-218 
-209 
-199 
-189 
-179 
-169 
-159 
-149 
-139 
-129 
-119 
-109 
-99 
-89 
-79 
-68 
-57 
-46 
-35 
-24 
-13 
-1 
11 
23 
35 
47 
59 
71 
83 
95 
107 
119 
131 
143 
155 
167 
179 
191 
203 
215 
227 
239 
251 
263 
275 
287 
299 
311 
323 
335 
347 
359 
371 
383 
395 
407 
419 
431 
443 
455 
467 
479 
491 
503 
515 
527 
539 
551 
563 
575 
587 
599 
611 
623 
635 
647 
658 
669 
680 
691 
702 
713 
723 
733 
743 
753 
763 
773 
783 
793 
803 
813 
823 
833 
843 
853 
863 
872 
881 
890 
898 
906 
914 
922 
930 
938 
946 
954 
961 
967 
973 
979 
985 
991 
995 
999 
1003 
1007 
1011 
1015 
1019 
1023 
1027 
1031 
1035 
1039 
1043 
1047 
1051 
1055 
1059 
1063 
1067 
1071 
1075 
1079 
1083 
1087 
1091 
1095 
1099 
1103 
1107 
1111 
1115 
1119 
1123 
1127 
1131 
1135 
1139 
1136 
1132 
1128 
1124 
1120 
1116 
1112 
1108 
1104 
1100 
1096 
1092 
1088 
1084 
1080 
1076 
1072 
1068 
1064 
1060 
1056 
1052 
1048 
1044 
1040 
1036 
1032 
1028 
1024 
1020 
1016 
1012 
1008 
1004 
1000 
996 
992 
988 
984 
979 
973 
967 
961 
955 
949 
943 
936 
929 
921 
913 
905 
897 
889 
881 
873 
865 
857 
849 
841 
833 
825 
816 
807 
798 
789 
780 
771 
761 
751 
741 
731 
721 
711 
701 
691 
681 
671 
661 
651 
641 
631 
621 
611 
601 
591 
581 
571 
561 
551 
541 
531 
521 
511 
501 
491 
481 
471 
461 
451 
441 
431 
421 
411 
401 
391 
381 
371 
361 
351 
341 
331 
321 
311 
301 
291 
281 
271 
261 
251 
241 
231 
221 
212 
203 
194 
185 
176 
167 
159 
151 
143 
135 
127 
119 
111 
103 
95 
87 
79 
71 
63 
55 
47 
40 
33 
26 
20 
14 
8 
2 
-4 
-10 
-16 
-22 
-27 
-31 
-35 
-39 
-43 
-47 
-51 
-55 
-59 
-63 
-67 
-71 
-75 
-79 
-83 
-87 
-91 
-95 
-99 
-103 
-107 
-111 
-115 
-119 
-123 
-127 
-131 
-135 
-139 
-143 
-147 
-151 
-155 
-159 
-163 
-167 
-171 
-175 
-179 
-183 
-187 
-191 
-195 
-192 
-189 
-186 
-183 
-180 
-177 
-174 
-171 
-168 
-165 
-162 
-159 
-156 
-153 
-150 
-147 
-144 
-141 
-138 
-135 
-132 
-129 
-126 
-123 
-120 
-117 
-114 
-111 
-108 
-105 
-102 
-99 
-96 
-93 
-90 
-87 
-84 
-81 
-78 
-75 
-72 
-69 
-66 
-63 
-60 
-57 
-53 
-49 
-44 
-39 
-34 
-29 
-24 
-19 
-14 
-9 
-4 
1 
6 
11 
16 
22 
28 
34 
40 
46 
52 
59 
66 
73 
80 
87 
94 
101 
108 
115 
122 
129 
136 
143 
150 
157 
164 
171 
178 
185 
192 
199 
206 
213 
220 
227 
234 
241 
248 
255 
262 
269 
276 
283 
290 
297 
304 
311 
318 
325 
332 
339 
346 
353 
360 
367 
374 
381 
388 
395 
402 
409 
416 
423 
430 
437 
443 
449 
455 
461 
467 
473 
478 
483 
488 
493 
498 
503 
508 
513 
518 
523 
528 
533 
538 
543 
548 
552 
556 
560 
563 
566 
569 
572 
575 
578 
581 
584 
587 
590 
593 
596 
599 
602 
605 
608 
611 
614 
617 
620 
623 
626 
629 
632 
635 
638 
641 
644 
647 
650 
653 
656 
659 
662 
665 
668 
671 
674 
677 
680 
683 
686 
689 
692 
695 
698 
701 
704 
707 
710 
713 
710 
707 
704 
701 
698 
695 
692 
689 
686 
683 
680 
677 
674 
671 
668 
665 
662 
659 
656 
653 
650 
647 
644 
641 
638 
635 
632 
629 
626 
623 
620 
617 
614 
611 
608 
605 
602 
599 
596 
593 
590 
587 
584 
581 
578 
575 
572 
569 
566 
563 
560 
557 
554 
551 
548 
545 
542 
539 
536 
533 
530 
526 
522 
518 
514 
510 
506 
501 
496 
491 
486 
481 
476 
471 
466 
461 
456 
451 
446 
441 
436 
431 
426 
421 
416 
411 
406 
401 
396 
391 
386 
381 
376 
371 
366 
361 
356 
351 
346 
341 
336 
331 
326 
321 
316 
311 
306 
301 
296 
291 
286 
281 
276 
271 
266 
261 
256 
251 
246 
241 
236 
231 
227 
223 
219 
215 
211 
207 
204 
201 
198 
195 
192 
189 
186 
183 
180 
177 
174 
171 
168 
165 
162 
159 
156 
153 
150 
147 
144 
141 
138 
135 
132 
129 
126 
123 
120 
117 
114 
111 
108 
105 
102 
99 
96 
93 
90 
87 
84 
81 
78 
75 
72 
69 
66 
63 
60 
57 
54 
51 
48 
45 
42 
39 
36 
33 
30 
27 
24 
21 
18 
15 
12 
9 
6 
3 
0 
2 
4 
6 
8 
10 
12 
14 
16 
18 
20 
22 
24 
26 
28 
30 
32 
34 
36 
38 
40 
42 
44 
46 
48 
50 
52 
54 
56 
58 
60 
62 
64 
66 
68 
70 
72 
74 
76 
78 
80 
82 
84 
86 
88 
90 
92 
94 
96 
98 
100 
102 
104 
106 
108 
110 
112 
114 
116 
118 
120 
122 
124 
126 
128 
130 
132 
134 
136 
138 
140 
142 
144 
146 
148 
150 
152 
154 
156 
158 
160 
162 
164 
166 
168 
170 
172 
174 
176 
178 
180 
182 
184 
186 
188 
190 
192 
194 
196 
198 
200 
202 
204 
206 
208 
210 
212 
214 
216 
218 
220 
222 
224 
226 
228 
230 
232 
234 
236 
238 
240 
242 
244 
246 
248 
250 
252 
254 
256 
258 
260 
262 
264 
266 
268 
270 
272 
274 
276 
278 
280 
282 
284 
286 
288 
290 
292 
294 
296 
298 
300 
302 
304 
306 
308 
310 
312 
314 
316 
318 
320 
322 
324 
326 
328 
330 
332 
334 
336 
338 
340 
342 
344 
346 
348 
350 
352 
354 
356 
358 
360 
362 
364 
366 
368 
370 
372 
374 
376 
378 
380 
382 
384 
386 
388 
390 
392 
394 
392 
390 
388 
386 
384 
382 
380 
378 
376 
374 
372 
370 
368 
366 
364 
362 
360 
358 
356 
354 
352 
350 
348 
346 
344 
342 
340 
338 
336 
334 
332 
330 
328 
326 
324 
322 
320 
318 
316 
314 
312 
310 
308 
306 
304 
302 
300 
298 
296 
294 
292 
290 
288 
286 
284 
282 
280 
278 
276 
274 
272 
270 
268 
266 
264 
262 
260 
258 
256 
254 
252 
250 
248 
246 
244 
242 
240 
238 
236 
234 
232 
230 
228 
226 
224 
222 
220 
218 
216 
214 
212 
210 
208 
206 
204 
202 
200 
198 
196 
194 
192 
190 
188 
186 
184 
182 
180 
178 
176 
174 
172 
170 
168 
166 
164 
162 
160 
158 
156 
154 
152 
150 
148 
146 
144 
142 
140 
138 
136 
134 
132 
130 
128 
126 
124 
122 
120 
118 
116 
114 
112 
110 
108 
106 
104 
102 
100 
98 
96 
94 
92 
90 
88 
86 
84 
82 
80 
78 
76 
74 
72 
70 
68 
66 
64 
62 
60 
58 
56 
54 
52 
50 
48 
46 
44 
42 
40 
38 
36 
34 
32 
30 
28 
26 
24 
22 
20 
18 
16 
14 
12 
10 
8 
6 
4 
2 
0 
1 
2 
3 
4 
5 
6 
7 
8 
9 
10 
11 
12 
13 
14 
15 
16 
17 
18 
19 
20 
21 
22 
23 
24 
25 
26 
27 
28 
29 
30 
31 
32 
33 
34 
35 
36 
37 
38 
39 
40 
41 
42 
43 
44 
45 
46 
47 
48 
49 
50 
51 
52 
53 
54 
55 
56 
57 
58 
59 
60 
61 
62 
63 
64 
65 
66 
67 
68 
69 
70 
71 
72 
73 
74 
75 
76 
77 
78 
79 
80 
81 
82 
83 
84 
85 
86 
87 
88 
89 
90 
91 
92 
93 
94 
95 
96 
97 
98 
99 
100 
101 
102 
103 
104 
105 
106 
107 
108 
109 
110 
111 
112 
113 
114 
115 
116 
117 
118 
119 
120 
121 
122 
123 
124 
125 
126 
127 
128 
129 
130 
131 
132 
133 
134 
135 
136 
137 
138 
139 
140 
141 
142 
143 
144 
145 
146 
147 
148 
149 
150 
151 
152 
153 
154 
155 
156 
157 
158 
159 
160 
161 
162 
163 
164 
165 
166 
167 
168 
169 
170 
171 
172 
173 
174 
175 
176 
177 
178 
179 
180 
181 
182 
183 
184 
185 
186 
187 
188 
189 
190 
191 
192 
193 
194 
195 
196 
197 
196 
195 
194 
193 
192 
191 
190 
189 
188 
187 
186 
185 
184 
183 
182 
181 
180 
179 
178 
177 
176 
175 
174 
173 
172 
171 
170 
169 
168 
167 
166 
165 
164 
163 
162 
161 
160 
159 
158 
157 
156 
155 
154 
153 
152 
151 
150 
149 
148 
147 
146 
145 
144 
143 
142 
141 
140 
139 
138 
137 
136 
135 
134 
133 
132 
131 
130 
129 
128 
127 
126 
125 
124 
123 
122 
121 
120 
119 
118 
117 
116 
115 
114 
113 
112 
111 
110 
109 
108 
107 
106 
105 
104 
103 
102 
101 
100 
99 
98 
97 
96 
95 
94 
93 
92 
91 
90 
89 
88 
87 
86 
85 
84 
83 
82 
81 
80 
79 
78 
77 
76 
75 
74 
73 
72 
71 
70 
69 
68 
67 
66 
65 
64 
63 
62 
61 
60 
59 
58 
57 
56 
55 
54 
53 
52 
51 
50 
49 
48 
47 
46 
45 
44 
43 
42 
41 
40 
39 
38 
37 
36 
35 
34 
33 
32 
31 
30 
29 
28 
27 
26 
25 
24 
23 
22 
21 
20 
19 
18 
17 
16 
15 
14 
13 
12 
11 
10 
9 
8 
7 
6 
5 
4 
3 
2 
1 
0 
0 
0 
0 
0 
0 
0 
0 
0 
0 
0 
0 
0 
0 
0 
0 
0 
0 
0 
0 
0 
0 
0 
0 
0 
0 
0 
0 
0 
0 
0 
0 
0 
0 
0 
0 
0 
0 
0 
0 
0 
0 
0 
0 
0 
0 
0 
0 
0 
0 
0 
0 
0 
0 
0 
0 
0 
0 
0 
0 
0 
0 
0 
0 
0 
0 
0 
0 
0 
0 
0 
0 
0 
0 
0 
0 
0 
0 
0 
0 
0 
0 
0 
0 
0 
0 
0 
0 
0 
0 
0 
0 
0 
0 
0 
0 
0 
0 
0 
0 
0 
0 
0 
0 
0 
0 
0 
0 
0 
0 
0 
0 
0 
0 
0 
0 
0 
0 
0 
0 
0 
0 
0 
0 
0 
0 
0 
0 
0 
0 
0 
0 
0 
0 
0 
0 
0 
0 
0 
0 
0 
0 
0 
0 
0 
0 
0 
0 
0 
0 
0 
0 
0 
0 
0 
0 
0 
0 
0 
0 
0 
0 
0 
0 
0 
0 
0 
0 
0 
0 
0 
0 
0 
0 
0 
0 
0 
0 
0 
0 
0 
0 
0 
0 
0 
0 
0 
0 
0 
0 
0 
0 
0 
0 
0 
0 
0 
0 
0 
0 
0 
0 
0 
0 
0 
0 
0 
0 
0 
0 
0 
0 
0 
0 
0 
0 
0 
0 
0 
0 
0 
0 
0 
0 
0 
0 
0 
0 
0 
0 
0 
0 
0 
0 
0 
0 
0 
0 
0 
0 
0 
0 
0 
0 
0 
0 
0 
0 
0 
0 
0 
0 
0 
0 
0 
0 
0 
0 
0 
0 
0 
0 
0 
0 
0 
0 
0 
0 
0 
0 
0 
0 
0 
0 
0 
0 
0 
0 
0 
0 
0 
0 
0 
0 
0 
0 
0 
0 
0 
0 
0 
0 
0 
0 
0 
0 
0 
0 
0 
0 
0 
0 
0 
0 
0 
0 
0 
0 
0 
0 
0 
0 
0 
0 
0 
0 
0 
0 
0 
0 
0 
0 
0 
0 
0 
0 
0 
0 
0 
0 
0 
0 
0 
0 
0 
0 
0 
0 
0 
0 
0 
0 
0 
0 
0 
0 
0 
0 
0 
0 
0 
0 
0 
0 
