0 
21 
43 
63 
83 
101 
117 
130 
142 
150 
156 
159 
158 
155 
148 
139 
127 
112 
95 
76 
56 
34 
11 
-12 
-35 
-58 
-80 
-100 
-119 
-136 
-150 
-162 
-171 
-176 
-178 
-177 
-172 
-163 
-152 
-137 
-120 
-100 
-77 
-53 
-27 
0 
27 
54 
80 
105 
129 
150 
169 
185 
198 
207 
212 
213 
209 
202 
190 
175 
156 
133 
107 
79 
48 
16 
-17 
-50 
-84 
-116 
-146 
-174 
-200 
-222 
-240 
-254 
-262 
-266 
-265 
-259 
-247 
-230 
-209 
-182 
-152 
-118 
-81 
-42 
0 
41 
83 
124 
164 
201 
235 
265 
290 
310 
324 
332 
334 
329 
318 
300 
276 
245 
210 
169 
124 
76 
25 
-27 
-79 
-132 
-182 
-230 
-275 
-314 
-349 
-377 
-399 
-412 
-418 
-416 
-406 
-387 
-361 
-326 
-285 
-237 
-184 
-126 
-64 
0 
65 
130 
193 
254 
312 
363 
409 
448 
478 
499 
511 
513 
505 
487 
459 
421 
374 
319 
257 
189 
115 
39 
-40 
-119 
-198 
-274 
-346 
-412 
-471 
-522 
-563 
-595 
-614 
-622 
-618 
-602 
-573 
-533 
-481 
-420 
-349 
-270 
-184 
-94 
0 
95 
189 
281 
370 
452 
527 
592 
647 
689 
719 
735 
737 
724 
697 
656 
601 
533 
454 
365 
268 
164 
55 
-56 
-168 
-278 
-384 
-484 
-576 
-658 
-728 
-784 
-827 
-853 
-862 
-855 
-831 
-791 
-734 
-662 
-577 
-478 
-369 
-252 
-128 
0 
129 
257 
382 
502 
612 
712 
799 
872 
928 
967 
987 
988 
969 
931 
875 
800 
710 
604 
485 
355 
217 
72 
-74 
-221 
-366 
-505 
-635 
-755 
-861 
-951 
-1024 
-1077 
-1110 
-1121 
-1110 
-1078 
-1024 
-949 
-855 
-743 
-616 
-475 
-324 
-165 
0 
165 
329 
488 
640 
780 
905 
1015 
1106 
1176 
1223 
1247 
1246 
1222 
1173 
1100 
1005 
890 
756 
607 
444 
270 
90 
-92 
-275 
-454 
-626 
-787 
-934 
-1064 
-1175 
-1263 
-1327 
-1366 
-1378 
-1363 
-1322 
-1254 
-1161 
-1045 
-908 
-751 
-578 
-394 
-200 
0 
201 
399 
591 
773 
942 
1092 
1223 
1331 
1413 
1469 
1496 
1494 
1463 
1402 
1314 
1200 
1061 
901 
722 
527 
321 
107 
-109 
-325 
-537 
-740 
-929 
-1101 
-1253 
-1382 
-1483 
-1558 
-1601 
-1614 
-1595 
-1545 
-1464 
-1355 
-1218 
-1057 
-874 
-672 
-457 
-232 
0 
232 
461 
683 
893 
1086 
1258 
1408 
1530 
1624 
1686 
1715 
1711 
1674 
1603 
1501 
1369 
1210 
1026 
822 
600 
365 
122 
-123 
-368 
-608 
-836 
-1049 
-1242 
-1412 
-1556 
-1669 
-1751 
-1798 
-1811 
-1788 
-1731 
-1639 
-1515 
-1360 
-1180 
-974 
-749 
-509 
-258 
0 
258 
512 
756 
988 
1201 
1391 
1555 
1689 
1790 
1857 
1888 
1882 
1839 
1760 
1647 
1500 
1325 
1122 
898 
655 
398 
133 
-134 
-401 
-661 
-908 
-1139 
-1348 
-1531 
-1685 
-1806 
-1893 
-1942 
-1954 
-1928 
-1864 
-1764 
-1629 
-1462 
-1266 
-1046 
-803 
-545 
-276 
0 
276 
546 
807 
1054 
1279 
1480 
1653 
1794 
1900 
1969 
2000 
1992 
1946 
1860 
1739 
1584 
1397 
1183 
945 
689 
418 
140 
-141 
-420 
-692 
-951 
-1191 
-1409 
-1599 
-1758 
-1883 
-1972 
-2022 
-2033 
-2004 
-1936 
-1831 
-1689 
-1515 
-1311 
-1082 
-830 
-563 
-285 
0 
284 
562 
831 
1083 
1314 
1519 
1695 
1838 
1945 
2015 
2045 
2035 
1986 
1897 
1772 
1612 
1421 
1202 
960 
699 
424 
141 
-142 
-425 
-700 
-961 
-1202 
-1421 
-1611 
-1771 
-1895 
-1983 
-2032 
-2041 
-2010 
-1941 
-1834 
-1691 
-1515 
-1310 
-1080 
-828 
-561 
-284 
0 
282 
559 
824 
1075 
1303 
1505 
1678 
1818 
1923 
1990 
2018 
2007 
1957 
1868 
1743 
1585 
1396 
1180 
942 
685 
415 
138 
-139 
-415 
-683 
-937 
-1172 
-1383 
-1568 
-1721 
-1841 
-1925 
-1970 
-1978 
-1947 
-1878 
-1773 
-1633 
-1462 
-1263 
-1041 
-798 
-540 
-273 
0 
271 
536 
790 
1029 
1246 
1438 
1603 
1735 
1834 
1896 
1921 
1909 
1860 
1774 
1654 
1503 
1323 
1117 
891 
648 
392 
131 
-131 
-391 
-643 
-881 
-1101 
-1299 
-1471 
-1614 
-1724 
-1802 
-1842 
-1848 
-1817 
-1752 
-1652 
-1521 
-1360 
-1175 
-967 
-740 
-501 
-253 
0 
251 
495 
730 
949 
1149 
1325 
1475 
1596 
1685 
1740 
1762 
1749 
1703 
1623 
1512 
1373 
1207 
1018 
811 
589 
357 
119 
-119 
-355 
-583 
-798 
-996 
-1174 
-1328 
-1456 
-1554 
-1623 
-1658 
-1662 
-1633 
-1572 
-1482 
-1363 
-1218 
-1051 
-864 
-661 
-447 
-225 
0 
223 
440 
648 
842 
1018 
1173 
1305 
1410 
1487 
1535 
1553 
1540 
1498 
1426 
1328 
1204 
1058 
892 
710 
515 
311 
103 
-104 
-309 
-507 
-693 
-865 
-1018 
-1151 
-1260 
-1344 
-1402 
-1431 
-1433 
-1406 
-1353 
-1274 
-1170 
-1045 
-901 
-740 
-566 
-382 
-192 
0 
190 
375 
551 
715 
864 
994 
1105 
1193 
1257 
1296 
1310 
1297 
1261 
1199 
1115 
1010 
886 
746 
593 
430 
260 
86 
-87 
-257 
-421 
-576 
-717 
-843 
-952 
-1042 
-1110 
-1156 
-1179 
-1179 
-1156 
-1111 
-1044 
-959 
-855 
-736 
-604 
-461 
-311 
-157 
0 
154 
304 
446 
578 
698 
802 
890 
960 
1010 
1041 
1050 
1039 
1009 
958 
890 
805 
706 
593 
471 
341 
206 
68 
-69 
-203 
-332 
-453 
-564 
-663 
-747 
-816 
-868 
-904 
-920 
-919 
-900 
-864 
-811 
-743 
-662 
-569 
-467 
-356 
-240 
-121 
0 
118 
232 
341 
442 
532 
611 
677 
730 
767 
789 
795 
785 
761 
722 
670 
605 
529 
445 
353 
255 
153 
51 
-51 
-151 
-247 
-336 
-417 
-490 
-551 
-601 
-639 
-664 
-675 
-673 
-658 
-631 
-591 
-541 
-481 
-413 
-338 
-258 
-173 
-87 
0 
85 
167 
244 
316 
380 
436 
482 
519 
544 
559 
563 
555 
537 
509 
471 
425 
371 
311 
246 
178 
107 
35 
-36 
-105 
-171 
-233 
-288 
-338 
-379 
-413 
-438 
-455 
-462 
-460 
-449 
-429 
-402 
-367 
-326 
-280 
-229 
-174 
-117 
-59 
0 
57 
111 
163 
211 
253 
290 
320 
344 
360 
369 
371 
366 
353 
334 
309 
278 
243 
203 
161 
116 
69 
23 
-23 
-68 
-111 
-151 
-187 
-218 
-245 
-266 
-282 
-292 
-297 
-295 
-288 
-275 
-257 
-235 
-209 
-179 
-146 
-111 
-75 
-38 
0 
36 
71 
103 
134 
161 
184 
203 
218 
228 
234 
235 
232 
224 
212 
196 
177 
154 
129 
102 
73 
44 
14 
-15 
-44 
-71 
-97 
-120 
-140 
-158 
-172 
-182 
-189 
-192 
-192 
-187 
-180 
-168 
-154 
-137 
-118 
-97 
-74 
-50 
-25 
0 
24 
47 
70 
91 
109 
126 
140 
151 
159 
163 
165 
163 
159 
151 
141 
127 
112 
94 
75 
54 
33 
11 
-12 
-33 
-55 
-75 
-93 
-110 
-124 
-137 
-146 
-153 
0 
