0 
32 
65 
97 
130 
163 
195 
228 
260 
293 
325 
357 
389 
421 
453 
485 
517 
548 
580 
611 
642 
673 
704 
734 
765 
795 
825 
855 
884 
914 
943 
972 
1000 
1029 
1057 
1085 
1112 
1139 
1166 
1193 
1219 
1246 
1271 
1297 
1322 
1347 
1371 
1395 
1419 
1442 
1465 
1488 
1510 
1532 
1554 
1575 
1595 
1616 
1635 
1655 
1674 
1693 
1711 
1728 
1746 
1763 
1779 
1795 
1810 
1825 
1840 
1854 
1868 
1881 
1894 
1906 
1917 
1929 
1939 
1950 
1959 
1969 
1977 
1986 
1993 
2000 
2007 
2013 
2019 
2024 
2029 
2033 
2037 
2040 
2042 
2044 
2046 
2047 
2047 
2047 
2047 
2046 
2044 
2042 
2040 
2036 
2033 
2029 
2024 
2019 
2013 
2007 
2000 
1993 
1985 
1977 
1968 
1959 
1949 
1939 
1928 
1917 
1905 
1893 
1880 
1867 
1853 
1839 
1824 
1809 
1794 
1778 
1761 
1744 
1727 
1709 
1691 
1672 
1653 
1634 
1614 
1594 
1573 
1552 
1530 
1509 
1486 
1464 
1441 
1417 
1393 
1369 
1345 
1320 
1295 
1269 
1244 
1217 
1191 
1164 
1137 
1110 
1082 
1055 
1026 
998 
969 
940 
911 
882 
852 
823 
793 
762 
732 
701 
670 
640 
608 
577 
546 
514 
482 
451 
419 
387 
355 
322 
290 
258 
225 
193 
160 
128 
95 
62 
30 
-2 
-35 
-67 
-100 
-133 
-165 
-198 
-230 
-263 
-295 
-327 
-360 
-392 
-424 
-456 
-487 
-519 
-551 
-582 
-613 
-644 
-675 
-706 
-737 
-767 
-797 
-827 
-857 
-886 
-916 
-945 
-974 
-1002 
-1031 
-1059 
-1087 
-1114 
-1141 
-1168 
-1195 
-1222 
-1248 
-1273 
-1299 
-1324 
-1349 
-1373 
-1397 
-1421 
-1444 
-1467 
-1490 
-1512 
-1534 
-1555 
-1576 
-1597 
-1617 
-1637 
-1656 
-1675 
-1694 
-1712 
-1730 
-1747 
-1764 
-1780 
-1796 
-1812 
-1827 
-1841 
-1855 
-1869 
-1882 
-1894 
-1907 
-1918 
-1929 
-1940 
-1950 
-1960 
-1969 
-1978 
-1986 
-1994 
-2001 
-2008 
-2014 
-2019 
-2025 
-2029 
-2033 
-2037 
-2040 
-2042 
-2045 
-2046 
-2047 
-2047 
-2047 
-2047 
-2046 
-2044 
-2042 
-2039 
-2036 
-2032 
-2028 
-2023 
-2018 
-2012 
-2006 
-1999 
-1992 
-1984 
-1976 
-1967 
-1958 
-1948 
-1938 
-1927 
-1916 
-1904 
-1892 
-1879 
-1866 
-1852 
-1838 
-1823 
-1808 
-1792 
-1776 
-1760 
-1743 
-1726 
-1708 
-1690 
-1671 
-1652 
-1632 
-1612 
-1592 
-1571 
-1550 
-1529 
-1507 
-1484 
-1462 
-1439 
-1415 
-1392 
-1367 
-1343 
-1318 
-1293 
-1267 
-1242 
-1215 
-1189 
-1162 
-1135 
-1108 
-1080 
-1052 
-1024 
-996 
-967 
-938 
-909 
-880 
-850 
-820 
-790 
-760 
-730 
-699 
-668 
-637 
-606 
-575 
-543 
-512 
-480 
-448 
-416 
-384 
-352 
-320 
-288 
-255 
-223 
-190 
-158 
-125 
-92 
-60 
-27 
5 
37 
70 
102 
135 
168 
200 
233 
265 
298 
330 
362 
394 
426 
458 
490 
521 
553 
584 
616 
647 
678 
708 
739 
769 
799 
829 
859 
889 
918 
947 
976 
1005 
1033 
1061 
1089 
1116 
1144 
1171 
1197 
1224 
1250 
1275 
1301 
1326 
1350 
1375 
1399 
1423 
1446 
1469 
1491 
1514 
1535 
1557 
1578 
1598 
1619 
1638 
1658 
1677 
1695 
1713 
1731 
1748 
1765 
1781 
1797 
1813 
1828 
1842 
1856 
1870 
1883 
1895 
1908 
1919 
1930 
1941 
1951 
1961 
1970 
1979 
1987 
1994 
2002 
2008 
2014 
2020 
2025 
2030 
2034 
2037 
2040 
2043 
2045 
2046 
2047 
2047 
2047 
2047 
2046 
2044 
2042 
2039 
2036 
2032 
2028 
2023 
2018 
2012 
2006 
1999 
1991 
1984 
1975 
1966 
1957 
1947 
1937 
1926 
1915 
1903 
1891 
1878 
1865 
1851 
1837 
1822 
1807 
1791 
1775 
1759 
1742 
1724 
1707 
1688 
1670 
1650 
1631 
1611 
1591 
1570 
1549 
1527 
1505 
1483 
1460 
1437 
1413 
1390 
1366 
1341 
1316 
1291 
1265 
1240 
1213 
1187 
1160 
1133 
1106 
1078 
1050 
1022 
994 
965 
936 
907 
877 
848 
818 
788 
758 
727 
697 
666 
635 
604 
572 
541 
509 
478 
446 
414 
382 
350 
317 
285 
253 
220 
188 
155 
123 
90 
57 
25 
-7 
-40 
-72 
-105 
-138 
-170 
-203 
-235 
-268 
-300 
-332 
-364 
-397 
-429 
-460 
-492 
-524 
-555 
-587 
-618 
-649 
-680 
-711 
-741 
-772 
-802 
-832 
-861 
-891 
-920 
-949 
-978 
-1007 
-1035 
-1063 
-1091 
-1118 
-1146 
-1173 
-1199 
-1226 
-1252 
-1277 
-1303 
-1328 
-1352 
-1377 
-1401 
-1424 
-1448 
-1471 
-1493 
-1515 
-1537 
-1558 
-1579 
-1600 
-1620 
-1640 
-1659 
-1678 
-1697 
-1715 
-1732 
-1750 
-1766 
-1783 
-1799 
-1814 
-1829 
-1843 
-1857 
-1871 
-1884 
-1896 
-1908 
-1920 
-1931 
-1942 
-1952 
-1961 
-1971 
-1979 
-1987 
-1995 
-2002 
-2009 
-2015 
-2020 
-2025 
-2030 
-2034 
-2037 
-2040 
-2043 
-2045 
-2046 
-2047 
-2047 
-2047 
-2047 
-2046 
-2044 
-2042 
-2039 
-2036 
-2032 
-2027 
-2023 
-2017 
-2012 
-2005 
-1998 
-1991 
-1983 
-1975 
-1966 
-1956 
-1946 
-1936 
-1925 
-1914 
-1902 
-1890 
-1877 
-1864 
-1850 
-1836 
-1821 
-1806 
-1790 
-1774 
-1757 
-1740 
-1723 
-1705 
-1687 
-1668 
-1649 
-1629 
-1609 
-1589 
-1568 
-1547 
-1525 
-1503 
-1481 
-1458 
-1435 
-1412 
-1388 
-1364 
-1339 
-1314 
-1289 
-1263 
-1238 
-1211 
-1185 
-1158 
-1131 
-1104 
-1076 
-1048 
-1020 
-991 
-963 
-934 
-905 
-875 
-845 
-816 
-786 
-755 
-725 
-694 
-663 
-632 
-601 
-570 
-538 
-507 
-475 
-443 
-411 
-379 
-347 
-315 
-283 
-250 
-218 
-185 
-153 
-120 
-87 
-55 
-22 
10 
42 
75 
108 
140 
173 
205 
238 
270 
302 
335 
367 
399 
431 
463 
495 
526 
558 
589 
620 
651 
682 
713 
744 
774 
804 
834 
864 
893 
923 
952 
980 
1009 
1037 
1065 
1093 
1121 
1148 
1175 
1201 
1228 
1254 
1279 
1305 
1330 
1354 
1379 
1403 
1426 
1449 
1472 
1495 
1517 
1539 
1560 
1581 
1602 
1622 
1641 
1661 
1680 
1698 
1716 
1734 
1751 
1768 
1784 
1800 
1815 
1830 
1844 
1858 
1872 
1885 
1897 
1909 
1921 
1932 
1943 
1953 
1962 
1971 
1980 
1988 
1996 
2003 
2009 
2015 
2021 
2026 
2030 
2034 
2038 
2041 
2043 
2045 
2046 
2047 
2047 
2047 
2047 
2045 
2044 
2041 
2039 
2035 
2031 
2027 
2022 
2017 
2011 
2005 
1998 
1990 
1982 
1974 
1965 
1956 
1946 
1935 
1924 
1913 
1901 
1889 
1876 
1863 
1849 
1834 
1820 
1804 
1789 
1773 
1756 
1739 
1722 
1704 
1685 
1667 
1647 
1628 
1608 
1587 
1567 
1545 
1524 
1502 
1479 
1457 
1433 
1410 
1386 
1362 
1337 
1312 
1287 
1261 
1236 
1209 
1183 
1156 
1129 
1102 
1074 
1046 
1018 
989 
960 
932 
902 
873 
843 
813 
783 
753 
722 
692 
661 
630 
599 
567 
536 
504 
473 
441 
409 
377 
345 
312 
280 
248 
215 
183 
150 
118 
85 
52 
20 
-12 
-45 
-77 
-110 
-143 
-175 
-208 
-240 
-273 
-305 
-337 
-369 
-402 
-433 
-465 
-497 
-529 
-560 
-592 
-623 
-654 
-685 
-715 
-746 
-776 
-806 
-836 
-866 
-896 
-925 
-954 
-983 
-1011 
-1039 
-1067 
-1095 
-1123 
-1150 
-1177 
-1203 
-1230 
-1256 
-1281 
-1306 
-1331 
-1356 
-1380 
-1404 
-1428 
-1451 
-1474 
-1497 
-1519 
-1540 
-1562 
-1583 
-1603 
-1623 
-1643 
-1662 
-1681 
-1700 
-1718 
-1735 
-1752 
-1769 
-1785 
-1801 
-1816 
-1831 
-1845 
-1859 
-1873 
-1886 
-1898 
-1910 
-1922 
-1933 
-1943 
-1953 
-1963 
-1972 
-1981 
-1989 
-1996 
-2003 
-2010 
-2016 
-2021 
-2026 
-2031 
-2034 
-2038 
-2041 
-2043 
-2045 
-2046 
-2047 
-2047 
-2047 
-2047 
-2045 
-2043 
-2041 
-2038 
-2035 
-2031 
-2027 
-2022 
-2016 
-2011 
-2004 
-1997 
-1990 
-1982 
-1973 
-1964 
-1955 
-1945 
-1934 
-1924 
-1912 
-1900 
-1888 
-1875 
-1861 
-1848 
-1833 
-1819 
-1803 
-1788 
-1771 
-1755 
-1738 
-1720 
-1702 
-1684 
-1665 
-1646 
-1626 
-1606 
-1586 
-1565 
-1544 
-1522 
-1500 
-1478 
-1455 
-1432 
-1408 
-1384 
-1360 
-1335 
-1310 
-1285 
-1259 
-1234 
-1207 
-1181 
-1154 
-1127 
-1099 
-1072 
-1044 
-1016 
-987 
-958 
-929 
-900 
-871 
-841 
-811 
-781 
-751 
-720 
-689 
-659 
-628 
-596 
-565 
-534 
-502 
-470 
-438 
-406 
-374 
-342 
-310 
-278 
-245 
-213 
-180 
-148 
-115 
-82 
-50 
-17 
15 
47 
80 
113 
145 
178 
210 
243 
275 
307 
340 
372 
404 
436 
468 
500 
531 
563 
594 
625 
656 
687 
718 
748 
779 
809 
839 
868 
898 
927 
956 
985 
1013 
1042 
1070 
1097 
1125 
1152 
1179 
1205 
1232 
1258 
1283 
1308 
1333 
1358 
1382 
1406 
1430 
1453 
1476 
1498 
1520 
1542 
1563 
1584 
1605 
1625 
1644 
1664 
1683 
1701 
1719 
1736 
1754 
1770 
1786 
1802 
1817 
1832 
1847 
1860 
1874 
1887 
1899 
1911 
1923 
1934 
1944 
1954 
1964 
1973 
1981 
1989 
1997 
2004 
2010 
2016 
2021 
2026 
2031 
2035 
2038 
2041 
2043 
2045 
2046 
2047 
2048 
2047 
2046 
2045 
2043 
2041 
2038 
2035 
2031 
2026 
2021 
2016 
2010 
2004 
1997 
1989 
1981 
1973 
1964 
1954 
1944 
1934 
1923 
1911 
1899 
1887 
1874 
1860 
1847 
1832 
1817 
1802 
1786 
1770 
1754 
1736 
1719 
1701 
1683 
1664 
1644 
1625 
1605 
1584 
1563 
1542 
1520 
1498 
1476 
1453 
1430 
1406 
1382 
1358 
1333 
1308 
1283 
1258 
1232 
1205 
1179 
1152 
1125 
1097 
1070 
1042 
1013 
985 
956 
927 
898 
868 
839 
809 
779 
748 
718 
687 
656 
625 
594 
563 
531 
500 
468 
436 
404 
372 
340 
307 
275 
243 
210 
178 
145 
113 
80 
47 
15 
-17 
-50 
-82 
-115 
-148 
-180 
-213 
-245 
-278 
-310 
-342 
-374 
-406 
-438 
-470 
-502 
-534 
-565 
-596 
-628 
-659 
-689 
-720 
-751 
-781 
-811 
-841 
-871 
-900 
-929 
-958 
-987 
-1016 
-1044 
-1072 
-1099 
-1127 
-1154 
-1181 
-1207 
-1234 
-1259 
-1285 
-1310 
-1335 
-1360 
-1384 
-1408 
-1432 
-1455 
-1478 
-1500 
-1522 
-1544 
-1565 
-1586 
-1606 
-1626 
-1646 
-1665 
-1684 
-1702 
-1720 
-1738 
-1755 
-1771 
-1788 
-1803 
-1819 
-1833 
-1848 
-1861 
-1875 
-1888 
-1900 
-1912 
-1924 
-1934 
-1945 
-1955 
-1964 
-1973 
-1982 
-1990 
-1997 
-2004 
-2011 
-2016 
-2022 
-2027 
-2031 
-2035 
-2038 
-2041 
-2043 
-2045 
-2047 
-2047 
-2047 
-2047 
-2046 
-2045 
-2043 
-2041 
-2038 
-2034 
-2031 
-2026 
-2021 
-2016 
-2010 
-2003 
-1996 
-1989 
-1981 
-1972 
-1963 
-1953 
-1943 
-1933 
-1922 
-1910 
-1898 
-1886 
-1873 
-1859 
-1845 
-1831 
-1816 
-1801 
-1785 
-1769 
-1752 
-1735 
-1718 
-1700 
-1681 
-1662 
-1643 
-1623 
-1603 
-1583 
-1562 
-1540 
-1519 
-1497 
-1474 
-1451 
-1428 
-1404 
-1380 
-1356 
-1331 
-1306 
-1281 
-1256 
-1230 
-1203 
-1177 
-1150 
-1123 
-1095 
-1067 
-1039 
-1011 
-983 
-954 
-925 
-896 
-866 
-836 
-806 
-776 
-746 
-715 
-685 
-654 
-623 
-592 
-560 
-529 
-497 
-465 
-433 
-402 
-369 
-337 
-305 
-273 
-240 
-208 
-175 
-143 
-110 
-77 
-45 
-12 
20 
52 
85 
118 
150 
183 
215 
248 
280 
312 
345 
377 
409 
441 
473 
504 
536 
567 
599 
630 
661 
692 
722 
753 
783 
813 
843 
873 
902 
932 
960 
989 
1018 
1046 
1074 
1102 
1129 
1156 
1183 
1209 
1236 
1261 
1287 
1312 
1337 
1362 
1386 
1410 
1433 
1457 
1479 
1502 
1524 
1545 
1567 
1587 
1608 
1628 
1647 
1667 
1685 
1704 
1722 
1739 
1756 
1773 
1789 
1804 
1820 
1834 
1849 
1863 
1876 
1889 
1901 
1913 
1924 
1935 
1946 
1956 
1965 
1974 
1982 
1990 
1998 
2005 
2011 
2017 
2022 
2027 
2031 
2035 
2039 
2041 
2044 
2045 
2047 
2047 
2047 
2047 
2046 
2045 
2043 
2041 
2038 
2034 
2030 
2026 
2021 
2015 
2009 
2003 
1996 
1988 
1980 
1971 
1962 
1953 
1943 
1932 
1921 
1909 
1897 
1885 
1872 
1858 
1844 
1830 
1815 
1800 
1784 
1768 
1751 
1734 
1716 
1698 
1680 
1661 
1641 
1622 
1602 
1581 
1560 
1539 
1517 
1495 
1472 
1449 
1426 
1403 
1379 
1354 
1330 
1305 
1279 
1254 
1228 
1201 
1175 
1148 
1121 
1093 
1065 
1037 
1009 
980 
952 
923 
893 
864 
834 
804 
774 
744 
713 
682 
651 
620 
589 
558 
526 
495 
463 
431 
399 
367 
335 
302 
270 
238 
205 
173 
140 
108 
75 
42 
10 
-22 
-55 
-87 
-120 
-153 
-185 
-218 
-250 
-283 
-315 
-347 
-379 
-411 
-443 
-475 
-507 
-538 
-570 
-601 
-632 
-663 
-694 
-725 
-755 
-786 
-816 
-845 
-875 
-905 
-934 
-963 
-991 
-1020 
-1048 
-1076 
-1104 
-1131 
-1158 
-1185 
-1211 
-1238 
-1263 
-1289 
-1314 
-1339 
-1364 
-1388 
-1412 
-1435 
-1458 
-1481 
-1503 
-1525 
-1547 
-1568 
-1589 
-1609 
-1629 
-1649 
-1668 
-1687 
-1705 
-1723 
-1740 
-1757 
-1774 
-1790 
-1806 
-1821 
-1836 
-1850 
-1864 
-1877 
-1890 
-1902 
-1914 
-1925 
-1936 
-1946 
-1956 
-1966 
-1975 
-1983 
-1991 
-1998 
-2005 
-2012 
-2017 
-2023 
-2027 
-2032 
-2036 
-2039 
-2042 
-2044 
-2046 
-2047 
-2047 
-2047 
-2047 
-2046 
-2045 
-2043 
-2040 
-2037 
-2034 
-2030 
-2025 
-2020 
-2015 
-2009 
-2002 
-1995 
-1987 
-1979 
-1971 
-1961 
-1952 
-1942 
-1931 
-1920 
-1908 
-1896 
-1884 
-1871 
-1857 
-1843 
-1829 
-1814 
-1799 
-1783 
-1766 
-1750 
-1732 
-1715 
-1697 
-1678 
-1659 
-1640 
-1620 
-1600 
-1579 
-1558 
-1537 
-1515 
-1493 
-1471 
-1448 
-1424 
-1401 
-1377 
-1352 
-1328 
-1303 
-1277 
-1252 
-1226 
-1199 
-1173 
-1146 
-1118 
-1091 
-1063 
-1035 
-1007 
-978 
-949 
-920 
-891 
-861 
-832 
-802 
-772 
-741 
-711 
-680 
-649 
-618 
-587 
-555 
-524 
-492 
-460 
-429 
-397 
-364 
-332 
-300 
-268 
-235 
-203 
-170 
-138 
-105 
-72 
-40 
-7 
25 
57 
90 
123 
155 
188 
220 
253 
285 
317 
350 
382 
414 
446 
478 
509 
541 
572 
604 
635 
666 
697 
727 
758 
788 
818 
848 
877 
907 
936 
965 
994 
1022 
1050 
1078 
1106 
1133 
1160 
1187 
1213 
1240 
1265 
1291 
1316 
1341 
1366 
1390 
1413 
1437 
1460 
1483 
1505 
1527 
1549 
1570 
1591 
1611 
1631 
1650 
1670 
1688 
1707 
1724 
1742 
1759 
1775 
1791 
1807 
1822 
1837 
1851 
1865 
1878 
1891 
1903 
1915 
1926 
1937 
1947 
1957 
1966 
1975 
1984 
1991 
1999 
2006 
2012 
2018 
2023 
2028 
2032 
2036 
2039 
2042 
2044 
2046 
2047 
2047 
2047 
2047 
2046 
2045 
2043 
2040 
2037 
2034 
2030 
2025 
2020 
2014 
2008 
2002 
1994 
1987 
1979 
1970 
1961 
1951 
1941 
1930 
1919 
1908 
1895 
1883 
1870 
1856 
1842 
1828 
1813 
1797 
1781 
1765 
1748 
1731 
1713 
1695 
1677 
1658 
1638 
1619 
1598 
1578 
1557 
1535 
1514 
1491 
1469 
1446 
1423 
1399 
1375 
1350 
1326 
1301 
1275 
1250 
1224 
1197 
1171 
1144 
1116 
1089 
1061 
1033 
1005 
976 
947 
918 
889 
859 
829 
799 
769 
739 
708 
678 
647 
616 
584 
553 
521 
490 
458 
426 
394 
362 
330 
298 
265 
233 
200 
168 
135 
103 
70 
37 
5 
-27 
-60 
-92 
-125 
-158 
-190 
-223 
-255 
-288 
-320 
-352 
-384 
-416 
-448 
-480 
-512 
-543 
-575 
-606 
-637 
-668 
-699 
-730 
-760 
-790 
-820 
-850 
-880 
-909 
-938 
-967 
-996 
-1024 
-1052 
-1080 
-1108 
-1135 
-1162 
-1189 
-1215 
-1242 
-1267 
-1293 
-1318 
-1343 
-1367 
-1392 
-1415 
-1439 
-1462 
-1484 
-1507 
-1529 
-1550 
-1571 
-1592 
-1612 
-1632 
-1652 
-1671 
-1690 
-1708 
-1726 
-1743 
-1760 
-1776 
-1792 
-1808 
-1823 
-1838 
-1852 
-1866 
-1879 
-1892 
-1904 
-1916 
-1927 
-1938 
-1948 
-1958 
-1967 
-1976 
-1984 
-1992 
-1999 
-2006 
-2012 
-2018 
-2023 
-2028 
-2032 
-2036 
-2039 
-2042 
-2044 
-2046 
-2047 
-2047 
-2047 
-2047 
-2046 
-2045 
-2042 
-2040 
-2037 
-2033 
-2029 
-2025 
-2019 
-2014 
-2008 
-2001 
-1994 
-1986 
-1978 
-1969 
-1960 
-1950 
-1940 
-1929 
-1918 
-1907 
-1894 
-1882 
-1869 
-1855 
-1841 
-1827 
-1812 
-1796 
-1780 
-1764 
-1747 
-1730 
-1712 
-1694 
-1675 
-1656 
-1637 
-1617 
-1597 
-1576 
-1555 
-1534 
-1512 
-1490 
-1467 
-1444 
-1421 
-1397 
-1373 
-1349 
-1324 
-1299 
-1273 
-1248 
-1222 
-1195 
-1168 
-1141 
-1114 
-1087 
-1059 
-1031 
-1002 
-974 
-945 
-916 
-886 
-857 
-827 
-797 
-767 
-737 
-706 
-675 
-644 
-613 
-582 
-551 
-519 
-487 
-456 
-424 
-392 
-360 
-327 
-295 
-263 
-230 
-198 
-165 
-133 
-100 
-67 
-35 
-2 
30 
62 
95 
128 
160 
193 
225 
258 
290 
322 
355 
387 
419 
451 
482 
514 
546 
577 
608 
640 
670 
701 
732 
762 
793 
823 
852 
882 
911 
940 
969 
998 
1026 
1055 
1082 
1110 
1137 
1164 
1191 
1217 
1244 
1269 
1295 
1320 
1345 
1369 
1393 
1417 
1441 
1464 
1486 
1508 
1530 
1552 
1573 
1594 
1614 
1634 
1653 
1672 
1691 
1709 
1727 
1744 
1761 
1778 
1794 
1809 
1824 
1839 
1853 
1867 
1880 
1893 
1905 
1917 
1928 
1939 
1949 
1959 
1968 
1977 
1985 
1993 
2000 
2007 
2013 
2019 
2024 
2029 
2033 
2036 
2040 
2042 
2044 
2046 
2047 
2047 
2047 
2047 
2046 
2044 
2042 
2040 
2037 
2033 
2029 
2024 
2019 
2013 
2007 
2000 
1993 
1986 
1977 
1969 
1959 
1950 
1939 
1929 
1917 
1906 
1894 
1881 
1868 
1854 
1840 
1825 
1810 
1795 
1779 
1763 
1746 
1728 
1711 
1693 
1674 
1655 
1635 
1616 
1595 
1575 
1554 
1532 
1510 
1488 
1465 
1442 
1419 
1395 
1371 
1347 
1322 
1297 
1271 
1246 
1219 
1193 
1166 
1139 
1112 
1085 
1057 
1029 
1000 
972 
943 
914 
884 
855 
825 
795 
765 
734 
704 
673 
642 
611 
580 
548 
517 
485 
453 
421 
389 
357 
325 
293 
260 
228 
195 
163 
130 
97 
65 
32 
0 
-32 
-65 
-97 
-130 
-163 
-195 
-228 
-260 
-293 
-325 
-357 
-389 
-421 
-453 
-485 
-517 
-548 
-580 
-611 
-642 
-673 
-704 
-734 
-765 
-795 
-825 
-855 
-884 
-914 
-943 
-972 
-1000 
-1029 
-1057 
-1085 
-1112 
-1139 
-1166 
-1193 
-1219 
-1246 
-1271 
-1297 
-1322 
-1347 
-1371 
-1395 
-1419 
-1442 
-1465 
-1488 
-1510 
-1532 
-1554 
-1575 
-1595 
-1616 
-1635 
-1655 
-1674 
-1693 
-1711 
-1728 
-1746 
-1763 
-1779 
-1795 
-1810 
-1825 
-1840 
-1854 
-1868 
-1881 
-1894 
-1906 
-1917 
-1929 
-1939 
-1950 
-1959 
-1969 
-1977 
-1986 
-1993 
-2000 
-2007 
-2013 
-2019 
-2024 
-2029 
-2033 
-2037 
-2040 
-2042 
-2044 
-2046 
-2047 
-2047 
-2047 
-2047 
-2046 
-2044 
-2042 
-2040 
-2036 
-2033 
-2029 
-2024 
-2019 
-2013 
-2007 
-2000 
-1993 
-1985 
-1977 
-1968 
-1959 
-1949 
-1939 
-1928 
-1917 
-1905 
-1893 
-1880 
-1867 
-1853 
-1839 
-1824 
-1809 
-1794 
-1778 
-1761 
-1744 
-1727 
-1709 
-1691 
-1672 
-1653 
-1634 
-1614 
-1594 
-1573 
-1552 
-1530 
-1509 
-1486 
-1464 
-1441 
-1417 
-1393 
-1369 
-1345 
-1320 
-1295 
-1269 
-1244 
-1217 
-1191 
-1164 
-1137 
-1110 
-1082 
-1055 
-1026 
-998 
-969 
-940 
-911 
-882 
-852 
-823 
-793 
-762 
-732 
-701 
-670 
-640 
-608 
-577 
-546 
-514 
-482 
-451 
-419 
-387 
-355 
-322 
-290 
-258 
-225 
-193 
-160 
-128 
-95 
-62 
-30 
2 
35 
67 
100 
133 
165 
198 
230 
263 
295 
327 
360 
392 
424 
456 
487 
519 
551 
582 
613 
644 
675 
706 
737 
767 
797 
827 
857 
886 
916 
945 
974 
1002 
1031 
1059 
1087 
1114 
1141 
1168 
1195 
1222 
1248 
1273 
1299 
1324 
1349 
1373 
1397 
1421 
1444 
1467 
1490 
1512 
1534 
1555 
1576 
1597 
1617 
1637 
1656 
1675 
1694 
1712 
1730 
1747 
1764 
1780 
1796 
1812 
1827 
1841 
1855 
1869 
1882 
1894 
1907 
1918 
1929 
1940 
1950 
1960 
1969 
1978 
1986 
1994 
2001 
2008 
2014 
2019 
2025 
2029 
2033 
2037 
2040 
2042 
2045 
2046 
2047 
2047 
2047 
2047 
2046 
2044 
2042 
2039 
2036 
2032 
2028 
2023 
2018 
2012 
2006 
1999 
1992 
1984 
1976 
1967 
1958 
1948 
1938 
1927 
1916 
1904 
1892 
1879 
1866 
1852 
1838 
1823 
1808 
1792 
1776 
1760 
1743 
1726 
1708 
1690 
1671 
1652 
1632 
1612 
1592 
1571 
1550 
1529 
1507 
1484 
1462 
1439 
1415 
1392 
1367 
1343 
1318 
1293 
1267 
1242 
1215 
1189 
1162 
1135 
1108 
1080 
1052 
1024 
996 
967 
938 
909 
880 
850 
820 
790 
760 
730 
699 
668 
637 
606 
575 
543 
512 
480 
448 
416 
384 
352 
320 
288 
255 
223 
190 
158 
125 
92 
60 
27 
-5 
-37 
-70 
-102 
-135 
-168 
-200 
-233 
-265 
-298 
-330 
-362 
-394 
-426 
-458 
-490 
-521 
-553 
-584 
-616 
-647 
-678 
-708 
-739 
-769 
-799 
-829 
-859 
-889 
-918 
-947 
-976 
-1005 
-1033 
-1061 
-1089 
-1116 
-1144 
-1171 
-1197 
-1224 
-1250 
-1275 
-1301 
-1326 
-1350 
-1375 
-1399 
-1423 
-1446 
-1469 
-1491 
-1514 
-1535 
-1557 
-1578 
-1598 
-1619 
-1638 
-1658 
-1677 
-1695 
-1713 
-1731 
-1748 
-1765 
-1781 
-1797 
-1813 
-1828 
-1842 
-1856 
-1870 
-1883 
-1895 
-1908 
-1919 
-1930 
-1941 
-1951 
-1961 
-1970 
-1979 
-1987 
-1994 
-2002 
-2008 
-2014 
-2020 
-2025 
-2030 
-2034 
-2037 
-2040 
-2043 
-2045 
-2046 
-2047 
-2047 
-2047 
-2047 
-2046 
-2044 
-2042 
-2039 
-2036 
-2032 
-2028 
-2023 
-2018 
-2012 
-2006 
-1999 
-1991 
-1984 
-1975 
-1966 
-1957 
-1947 
-1937 
-1926 
-1915 
-1903 
-1891 
-1878 
-1865 
-1851 
-1837 
-1822 
-1807 
-1791 
-1775 
-1759 
-1742 
-1724 
-1707 
-1688 
-1670 
-1650 
-1631 
-1611 
-1591 
-1570 
-1549 
-1527 
-1505 
-1483 
-1460 
-1437 
-1414 
-1390 
-1366 
-1341 
-1316 
-1291 
-1265 
-1240 
-1213 
-1187 
-1160 
-1133 
-1106 
-1078 
-1050 
-1022 
-994 
-965 
-936 
-907 
-877 
-848 
-818 
-788 
-758 
-727 
-697 
-666 
-635 
-604 
-572 
-541 
-509 
-478 
-446 
-414 
-382 
-350 
-317 
-285 
-253 
-220 
-188 
-155 
-123 
-90 
-57 
-25 
7 
40 
72 
105 
138 
170 
203 
235 
268 
300 
332 
364 
397 
429 
460 
492 
524 
555 
587 
618 
649 
680 
711 
741 
772 
802 
832 
861 
891 
920 
949 
978 
1007 
1035 
1063 
1091 
1118 
1146 
1173 
1199 
1226 
1252 
1277 
1303 
1328 
1352 
1377 
1401 
1424 
1448 
1471 
1493 
1515 
1537 
1558 
1579 
1600 
1620 
1640 
1659 
1678 
1697 
1715 
1732 
1750 
1766 
1783 
1799 
1814 
1829 
1843 
1857 
1871 
1884 
1896 
1908 
1920 
1931 
1942 
1952 
1961 
1971 
1979 
1987 
1995 
2002 
2009 
2015 
2020 
2025 
2030 
2034 
2037 
2040 
2043 
2045 
2046 
2047 
2047 
2047 
2047 
2046 
2044 
2042 
2039 
2036 
2032 
2027 
2023 
2017 
2012 
2005 
1998 
1991 
1983 
1975 
1966 
1956 
1946 
1936 
1925 
1914 
1902 
1890 
1877 
1864 
1850 
1836 
1821 
1806 
1790 
1774 
1757 
1740 
1723 
1705 
1687 
1668 
1649 
1629 
1609 
1589 
1568 
1547 
1525 
1503 
1481 
1458 
1435 
1412 
1388 
1364 
1339 
1314 
1289 
1263 
1238 
1211 
1185 
1158 
1131 
1104 
1076 
1048 
1020 
991 
963 
934 
905 
875 
845 
816 
786 
755 
725 
694 
663 
632 
601 
570 
538 
507 
475 
443 
411 
379 
347 
315 
283 
250 
218 
185 
153 
120 
87 
55 
22 
-10 
-42 
-75 
-108 
-140 
-173 
-205 
-238 
-270 
-302 
-335 
-367 
-399 
-431 
-463 
-495 
-526 
-558 
-589 
-620 
-651 
-682 
-713 
-744 
-774 
-804 
-834 
-864 
-893 
-923 
-952 
-980 
-1009 
-1037 
-1065 
-1093 
-1121 
-1148 
-1175 
-1201 
-1228 
-1254 
-1279 
-1305 
-1330 
-1354 
-1379 
-1403 
-1426 
-1449 
-1472 
-1495 
-1517 
-1539 
-1560 
-1581 
-1602 
-1622 
-1641 
-1661 
-1680 
-1698 
-1716 
-1734 
-1751 
-1768 
-1784 
-1800 
-1815 
-1830 
-1844 
-1858 
-1872 
-1885 
-1897 
-1909 
-1921 
-1932 
-1943 
-1953 
-1962 
-1971 
-1980 
-1988 
-1996 
-2003 
-2009 
-2015 
-2021 
-2026 
-2030 
-2034 
-2038 
-2041 
-2043 
-2045 
-2046 
-2047 
-2047 
-2047 
-2047 
-2045 
-2044 
-2041 
-2039 
-2035 
-2031 
-2027 
-2022 
-2017 
-2011 
-2005 
-1998 
-1990 
-1982 
-1974 
-1965 
-1956 
-1946 
-1935 
-1924 
-1913 
-1901 
-1889 
-1876 
-1863 
-1849 
-1834 
-1820 
-1804 
-1789 
-1773 
-1756 
-1739 
-1722 
-1704 
-1685 
-1667 
-1647 
-1628 
-1608 
-1587 
-1567 
-1545 
-1524 
-1502 
-1479 
-1457 
-1433 
-1410 
-1386 
-1362 
-1337 
-1312 
-1287 
-1261 
-1236 
-1209 
-1183 
-1156 
-1129 
-1102 
-1074 
-1046 
-1018 
-989 
-960 
-932 
-902 
-873 
-843 
-813 
-783 
-753 
-722 
-692 
-661 
-630 
-599 
-568 
-536 
-504 
-473 
-441 
-409 
-377 
-345 
-312 
-280 
-248 
-215 
-183 
-150 
-118 
-85 
-52 
-20 
12 
45 
77 
110 
143 
175 
208 
240 
273 
305 
337 
369 
402 
433 
465 
497 
529 
560 
592 
623 
654 
685 
715 
746 
776 
806 
836 
866 
896 
925 
954 
983 
1011 
1039 
1067 
1095 
1123 
1150 
1177 
1203 
1230 
1256 
1281 
1306 
1331 
1356 
1380 
1404 
1428 
1451 
1474 
1497 
1519 
1540 
1562 
1583 
1603 
1623 
1643 
1662 
1681 
1700 
1718 
1735 
1752 
1769 
1785 
1801 
1816 
1831 
1845 
1859 
1873 
1886 
1898 
1910 
1922 
1933 
1943 
1953 
1963 
1972 
1981 
1989 
1996 
2003 
2010 
2016 
2021 
2026 
2031 
2034 
2038 
2041 
2043 
2045 
2046 
2047 
2047 
2047 
2047 
2045 
2043 
2041 
2038 
2035 
2031 
2027 
2022 
2016 
2011 
2004 
1997 
1990 
1982 
1973 
1964 
1955 
1945 
1934 
1924 
1912 
1900 
1888 
1875 
1861 
1848 
1833 
1819 
1803 
1788 
1771 
1755 
1738 
1720 
1702 
1684 
1665 
1646 
1626 
1606 
1586 
1565 
1544 
1522 
1500 
1478 
1455 
1432 
1408 
1384 
1360 
1335 
1310 
1285 
1259 
1234 
1207 
1181 
1154 
1127 
1099 
1072 
1044 
1016 
987 
958 
929 
900 
871 
841 
811 
781 
751 
720 
689 
659 
628 
596 
565 
534 
502 
470 
438 
406 
374 
342 
310 
278 
245 
213 
180 
148 
115 
82 
50 
17 
-15 
-47 
-80 
-113 
-145 
-178 
-210 
-243 
-275 
-307 
-340 
-372 
-404 
-436 
-468 
-500 
-531 
-563 
-594 
-625 
-656 
-687 
-718 
-748 
-779 
-809 
-839 
-868 
-898 
-927 
-956 
-985 
-1013 
-1042 
-1070 
-1097 
-1125 
-1152 
-1179 
-1205 
-1232 
-1258 
-1283 
-1308 
-1333 
-1358 
-1382 
-1406 
-1430 
-1453 
-1476 
-1498 
-1520 
-1542 
-1563 
-1584 
-1605 
-1625 
-1644 
-1664 
-1683 
-1701 
-1719 
-1736 
-1754 
-1770 
-1786 
-1802 
-1817 
-1832 
-1847 
-1860 
-1874 
-1887 
-1899 
-1911 
-1923 
-1934 
-1944 
-1954 
-1964 
-1973 
-1981 
-1989 
-1997 
-2004 
-2010 
-2016 
-2021 
-2026 
-2031 
-2035 
-2038 
-2041 
-2043 
-2045 
-2046 
-2047 
-2048 
-2047 
-2046 
-2045 
-2043 
-2041 
-2038 
-2035 
-2031 
-2026 
-2021 
-2016 
-2010 
-2004 
-1997 
-1989 
-1981 
-1973 
-1964 
-1954 
-1944 
-1934 
-1923 
-1911 
-1899 
-1887 
-1874 
-1860 
-1847 
-1832 
-1817 
-1802 
-1786 
-1770 
-1754 
-1736 
-1719 
-1701 
-1683 
-1664 
-1644 
-1625 
-1605 
-1584 
-1563 
-1542 
-1520 
-1498 
-1476 
-1453 
-1430 
-1406 
-1382 
-1358 
-1333 
-1308 
-1283 
-1258 
-1232 
-1205 
-1179 
-1152 
-1125 
-1097 
-1070 
-1042 
-1013 
-985 
-956 
-927 
-898 
-868 
-839 
-809 
-779 
-748 
-718 
-687 
-656 
-625 
-594 
-563 
-531 
-500 
-468 
-436 
-404 
-372 
-340 
-307 
-275 
-243 
-210 
-178 
-145 
-113 
-80 
-47 
-15 
17 
50 
82 
115 
148 
180 
213 
245 
278 
310 
342 
374 
406 
438 
470 
502 
534 
565 
596 
628 
659 
689 
720 
751 
781 
811 
841 
871 
900 
929 
958 
987 
1016 
1044 
1072 
1099 
1127 
1154 
1181 
1207 
1234 
1259 
1285 
1310 
1335 
1360 
1384 
1408 
1432 
1455 
1478 
1500 
1522 
1544 
1565 
1586 
1606 
1626 
1646 
1665 
1684 
1702 
1720 
1738 
1755 
1771 
1788 
1803 
1819 
1833 
1848 
1861 
1875 
1888 
1900 
1912 
1924 
1934 
1945 
1955 
1964 
1973 
1982 
1990 
1997 
2004 
2011 
2016 
2022 
2027 
2031 
2035 
2038 
2041 
2043 
2045 
2047 
2047 
2047 
2047 
2046 
2045 
2043 
2041 
2038 
2034 
2031 
2026 
2021 
2016 
2010 
2003 
1996 
1989 
1981 
1972 
1963 
1953 
1943 
1933 
1922 
1910 
1898 
1886 
1873 
1859 
1845 
1831 
1816 
1801 
1785 
1769 
1752 
1735 
1718 
1700 
1681 
1662 
1643 
1623 
1603 
1583 
1562 
1540 
1519 
1497 
1474 
1451 
1428 
1404 
1380 
1356 
1331 
1306 
1281 
1256 
1230 
