2513 
2514 
2515 
2516 
2518 
2521 
2524 
2527 
2532 
2537 
2542 
2548 
2555 
2562 
2569 
2578 
2586 
2596 
2606 
2616 
2627 
2639 
2651 
2664 
2678 
2691 
2706 
2721 
2737 
2753 
2770 
2787 
2805 
2823 
2842 
2862 
2882 
2902 
2924 
2945 
2968 
2991 
3014 
3038 
3062 
3088 
3113 
3139 
3166 
3193 
3221 
3250 
3278 
3308 
3338 
3368 
3399 
3431 
3463 
3496 
3529 
3563 
3597 
3632 
3667 
3703 
3739 
3776 
3814 
3852 
3890 
3929 
3969 
4009 
4049 
4090 
4132 
4174 
4216 
4259 
4303 
4347 
4392 
4437 
4482 
4528 
4575 
4622 
4670 
4718 
4766 
4815 
4865 
4915 
4965 
5016 
5068 
5120 
5172 
5225 
5278 
5332 
5386 
5441 
5496 
5552 
5608 
5664 
5721 
5779 
5836 
5895 
5954 
6013 
6072 
6133 
6193 
6254 
6315 
6377 
6439 
6502 
6565 
6629 
6693 
6757 
6822 
6887 
6952 
7018 
7085 
7151 
7218 
7286 
7354 
7422 
7491 
7560 
7629 
7699 
7770 
7840 
7911 
7982 
8054 
8126 
8199 
8271 
8344 
8418 
8492 
8566 
8640 
8715 
8790 
8866 
8942 
9018 
9094 
9171 
9248 
9326 
9404 
9482 
9560 
9639 
9718 
9797 
9877 
9957 
10037 
10117 
10198 
10279 
10360 
10442 
10524 
10606 
10688 
10771 
10854 
10937 
11020 
11104 
11188 
11272 
11356 
11441 
11526 
11611 
11696 
11782 
11868 
11954 
12040 
12126 
12213 
12300 
12387 
12474 
12561 
12649 
12737 
12825 
12913 
13001 
13090 
13179 
13267 
13356 
13446 
13535 
13624 
13714 
13804 
13894 
13984 
14074 
14165 
14255 
14346 
14436 
14527 
14618 
14709 
14800 
14892 
14983 
15075 
15166 
15258 
15350 
15442 
15534 
15626 
15718 
15810 
15902 
15995 
16087 
16179 
16272 
16365 
16457 
16550 
16642 
16735 
16828 
16921 
17014 
17106 
17199 
17292 
17385 
17478 
17571 
17664 
17757 
17850 
17942 
18035 
18128 
18221 
18314 
18407 
18499 
18592 
18685 
18778 
18870 
18963 
19055 
19148 
19240 
19333 
19425 
19517 
19609 
19701 
19793 
19885 
19977 
20069 
20160 
20252 
20343 
20435 
20526 
20617 
20708 
20799 
20890 
20981 
21071 
21162 
21252 
21342 
21432 
21522 
21612 
21701 
21791 
21880 
21969 
22058 
22147 
22235 
22324 
22412 
22500 
22588 
22676 
22763 
22851 
22938 
23025 
23111 
23198 
23284 
23370 
23456 
23542 
23627 
23712 
23797 
23882 
23967 
24051 
24135 
24219 
24302 
24386 
24469 
24551 
24634 
24716 
24798 
24880 
24961 
25043 
25123 
25204 
25284 
25364 
25444 
25524 
25603 
25682 
25760 
25838 
25916 
25994 
26071 
26148 
26225 
26301 
26377 
26453 
26528 
26603 
26678 
26752 
26826 
26900 
26973 
27046 
27119 
27191 
27263 
27334 
27405 
27476 
27547 
27617 
27686 
27756 
27824 
27893 
27961 
28029 
28096 
28163 
28230 
28296 
28362 
28427 
28492 
28556 
28620 
28684 
28747 
28810 
28873 
28935 
28996 
29057 
29118 
29179 
29238 
29298 
29357 
29415 
29473 
29531 
29588 
29645 
29701 
29757 
29813 
29868 
29922 
29976 
30030 
30083 
30135 
30187 
30239 
30290 
30341 
30391 
30441 
30490 
30539 
30587 
30635 
30682 
30729 
30776 
30821 
30867 
30912 
30956 
31000 
31043 
31086 
31128 
31170 
31211 
31252 
31292 
31332 
31371 
31410 
31448 
31486 
31523 
31560 
31596 
31632 
31667 
31701 
31735 
31769 
31802 
31834 
31866 
31897 
31928 
31958 
31988 
32017 
32046 
32074 
32101 
32128 
32155 
32181 
32206 
32231 
32255 
32279 
32302 
32325 
32347 
32368 
32389 
32409 
32429 
32448 
32467 
32485 
32503 
32520 
32536 
32552 
32568 
32582 
32597 
32610 
32623 
32636 
32648 
32659 
32670 
32680 
32690 
32699 
32708 
32716 
32723 
32730 
32736 
32742 
32747 
32751 
32755 
32759 
32762 
32764 
32766 
32767 
32767 
32767 
32767 
32766 
32764 
32762 
32759 
32755 
32751 
32747 
32742 
32736 
32730 
32723 
32716 
32708 
32699 
32690 
32680 
32670 
32659 
32648 
32636 
32623 
32610 
32597 
32582 
32568 
32552 
32536 
32520 
32503 
32485 
32467 
32448 
32429 
32409 
32389 
32368 
32347 
32325 
32302 
32279 
32255 
32231 
32206 
32181 
32155 
32128 
32101 
32074 
32046 
32017 
31988 
31958 
31928 
31897 
31866 
31834 
31802 
31769 
31735 
31701 
31667 
31632 
31596 
31560 
31523 
31486 
31448 
31410 
31371 
31332 
31292 
31252 
31211 
31170 
31128 
31086 
31043 
31000 
30956 
30912 
30867 
30821 
30776 
30729 
30682 
30635 
30587 
30539 
30490 
30441 
30391 
30341 
30290 
30239 
30187 
30135 
30083 
30030 
29976 
29922 
29868 
29813 
29757 
29701 
29645 
29588 
29531 
29473 
29415 
29357 
29298 
29238 
29179 
29118 
29057 
28996 
28935 
28873 
28810 
28747 
28684 
28620 
28556 
28492 
28427 
28362 
28296 
28230 
28163 
28096 
28029 
27961 
27893 
27824 
27756 
27686 
27617 
27547 
27476 
27405 
27334 
27263 
27191 
27119 
27046 
26973 
26900 
26826 
26752 
26678 
26603 
26528 
26453 
26377 
26301 
26225 
26148 
26071 
25994 
25916 
25838 
25760 
25682 
25603 
25524 
25444 
25364 
25284 
25204 
25123 
25043 
24961 
24880 
24798 
24716 
24634 
24551 
24469 
24386 
24302 
24219 
24135 
24051 
23967 
23882 
23797 
23712 
23627 
23542 
23456 
23370 
23284 
23198 
23111 
23025 
22938 
22851 
22763 
22676 
22588 
22500 
22412 
22324 
22235 
22147 
22058 
21969 
21880 
21791 
21701 
21612 
21522 
21432 
21342 
21252 
21162 
21071 
20981 
20890 
20799 
20708 
20617 
20526 
20435 
20343 
20252 
20160 
20069 
19977 
19885 
19793 
19701 
19609 
19517 
19425 
19333 
19240 
19148 
19055 
18963 
18870 
18778 
18685 
18592 
18499 
18407 
18314 
18221 
18128 
18035 
17942 
17850 
17757 
17664 
17571 
17478 
17385 
17292 
17199 
17106 
17014 
16921 
16828 
16735 
16642 
16550 
16457 
16365 
16272 
16179 
16087 
15995 
15902 
15810 
15718 
15626 
15534 
15442 
15350 
15258 
15166 
15075 
14983 
14892 
14800 
14709 
14618 
14527 
14436 
14346 
14255 
14165 
14074 
13984 
13894 
13804 
13714 
13624 
13535 
13446 
13356 
13267 
13179 
13090 
13001 
12913 
12825 
12737 
12649 
12561 
12474 
12387 
12300 
12213 
12126 
12040 
11954 
11868 
11782 
11696 
11611 
11526 
11441 
11356 
11272 
11188 
11104 
11020 
10937 
10854 
10771 
10688 
10606 
10524 
10442 
10360 
10279 
10198 
10117 
10037 
9957 
9877 
9797 
9718 
9639 
9560 
9482 
9404 
9326 
9248 
9171 
9094 
9018 
8942 
8866 
8790 
8715 
8640 
8566 
8492 
8418 
8344 
8271 
8199 
8126 
8054 
7982 
7911 
7840 
7770 
7699 
7629 
7560 
7491 
7422 
7354 
7286 
7218 
7151 
7085 
7018 
6952 
6887 
6822 
6757 
6693 
6629 
6565 
6502 
6439 
6377 
6315 
6254 
6193 
6133 
6072 
6013 
5954 
5895 
5836 
5779 
5721 
5664 
5608 
5552 
5496 
5441 
5386 
5332 
5278 
5225 
5172 
5120 
5068 
5016 
4965 
4915 
4865 
4815 
4766 
4718 
4670 
4622 
4575 
4528 
4482 
4437 
4392 
4347 
4303 
4259 
4216 
4174 
4132 
4090 
4049 
4009 
3969 
3929 
3890 
3852 
3814 
3776 
3739 
3703 
3667 
3632 
3597 
3563 
3529 
3496 
3463 
3431 
3399 
3368 
3338 
3308 
3278 
3250 
3221 
3193 
3166 
3139 
3113 
3088 
3062 
3038 
3014 
2991 
2968 
2945 
2924 
2902 
2882 
2862 
2842 
2823 
2805 
2787 
2770 
2753 
2737 
2721 
2706 
2691 
2678 
2664 
2651 
2639 
2627 
2616 
2606 
2596 
2586 
2578 
2569 
2562 
2555 
2548 
2542 
2537 
2532 
2527 
2524 
2521 
2518 
2516 
2515 
2514 
0 
