7341 
7309 
7278 
7247 
7216 
7185 
7154 
7123 
7092 
7061 
7030 
6999 
6968 
6937 
6906 
6875 
6844 
6813 
6782 
6751 
6720 
6689 
6658 
6627 
6596 
6565 
6534 
6503 
6472 
6441 
6410 
6379 
6348 
6312 
6241 
6170 
6099 
6028 
5957 
5886 
5815 
5744 
5673 
5602 
5531 
5460 
5389 
5318 
5247 
5176 
5105 
5034 
4963 
4892 
4821 
4750 
4679 
4608 
4537 
4466 
4395 
4324 
4253 
4182 
4111 
4040 
3962 
3871 
3780 
3689 
3598 
3507 
3416 
3325 
3234 
3143 
3052 
2961 
2870 
2779 
2688 
2597 
2506 
2415 
2324 
2233 
2142 
2051 
1960 
1869 
1778 
1687 
1596 
1505 
1414 
1323 
1232 
1141 
1050 
957 
866 
775 
684 
593 
502 
411 
320 
229 
138 
47 
-44 
-135 
-226 
-317 
-408 
-499 
-590 
-681 
-772 
-863 
-954 
-1045 
-1136 
-1227 
-1317 
-1407 
-1497 
-1587 
-1677 
-1767 
-1857 
-1947 
-2023 
-2093 
-2163 
-2233 
-2303 
-2373 
-2443 
-2513 
-2583 
-2653 
-2723 
-2793 
-2863 
-2933 
-3003 
-3073 
-3143 
-3213 
-3283 
-3353 
-3423 
-3493 
-3563 
-3633 
-3703 
-3772 
-3841 
-3910 
-3979 
-4048 
-4117 
-4186 
-4255 
-4287 
-4317 
-4347 
-4377 
-4407 
-4437 
-4467 
-4497 
-4527 
-4557 
-4587 
-4617 
-4647 
-4677 
-4707 
-4737 
-4767 
-4797 
-4827 
-4857 
-4887 
-4917 
-4947 
-4977 
-5007 
-5036 
-5065 
-5094 
-5123 
-5152 
-5181 
-5210 
-5235 
-5206 
-5177 
-5148 
-5119 
-5090 
-5061 
-5032 
-5003 
-4974 
-4945 
-4916 
-4887 
-4858 
-4829 
-4800 
-4771 
-4742 
-4713 
-4684 
-4655 
-4626 
-4597 
-4568 
-4539 
-4510 
-4481 
-4452 
-4423 
-4394 
-4365 
-4336 
-4307 
-4271 
-4204 
-4137 
-4070 
-4003 
-3936 
-3869 
-3802 
-3735 
-3668 
-3601 
-3534 
-3467 
-3400 
-3333 
-3266 
-3199 
-3132 
-3065 
-2998 
-2931 
-2864 
-2797 
-2730 
-2663 
-2596 
-2529 
-2462 
-2395 
-2328 
-2261 
-2194 
-2127 
-2052 
-1966 
-1880 
-1794 
-1708 
-1622 
-1536 
-1450 
-1364 
-1278 
-1192 
-1106 
-1020 
-934 
-848 
-762 
-676 
-590 
-504 
-418 
-332 
-246 
-160 
-74 
12 
98 
184 
270 
356 
442 
528 
614 
700 
788 
874 
960 
1046 
1132 
1218 
1304 
1390 
1476 
1562 
1648 
1734 
1820 
1906 
1992 
2078 
2164 
2250 
2336 
2422 
2508 
2594 
2680 
2766 
2852 
2937 
3022 
3107 
3192 
3277 
3362 
3447 
3532 
3602 
3668 
3734 
3800 
3866 
3932 
3998 
4064 
4130 
4196 
4262 
4328 
4394 
4460 
4526 
4592 
4658 
4724 
4790 
4856 
4922 
4988 
5054 
5120 
5186 
5251 
5316 
5381 
5446 
5511 
5576 
5641 
5706 
5734 
5762 
5790 
5818 
5846 
5874 
5902 
5930 
5958 
5986 
6014 
6042 
6070 
6098 
6126 
6154 
6182 
6210 
6238 
6266 
6294 
6322 
6350 
6378 
6406 
6433 
6460 
6487 
6514 
6541 
6568 
6595 
6615 
6587 
6559 
6531 
6503 
6475 
6447 
6419 
6391 
6363 
6335 
6307 
6279 
6251 
6223 
6195 
6167 
6139 
6111 
6083 
6055 
6027 
5999 
5971 
5943 
5915 
5887 
5859 
5831 
5803 
5775 
5747 
5719 
5682 
5618 
5554 
5490 
5426 
5362 
5298 
5234 
5170 
5106 
5042 
4978 
4914 
4850 
4786 
4722 
4658 
4594 
4530 
4466 
4402 
4338 
4274 
4210 
4146 
4082 
4018 
3954 
3890 
3826 
3762 
3698 
3634 
3561 
3479 
3397 
3315 
3233 
3151 
3069 
2987 
2905 
2823 
2741 
2659 
2577 
2495 
2413 
2331 
2249 
2167 
2085 
2003 
1921 
1839 
1757 
1675 
1593 
1511 
1429 
1347 
1265 
1183 
1101 
1019 
937 
853 
771 
689 
607 
525 
443 
361 
279 
197 
115 
33 
-49 
-131 
-213 
-295 
-377 
-459 
-541 
-623 
-705 
-787 
-869 
-951 
-1033 
-1115 
-1196 
-1277 
-1358 
-1439 
-1520 
-1601 
-1682 
-1763 
-1829 
-1892 
-1955 
-2018 
-2081 
-2144 
-2207 
-2270 
-2333 
-2396 
-2459 
-2522 
-2585 
-2648 
-2711 
-2774 
-2837 
-2900 
-2963 
-3026 
-3089 
-3152 
-3215 
-3278 
-3341 
-3403 
-3465 
-3527 
-3589 
-3651 
-3713 
-3775 
-3835 
-3862 
-3889 
-3916 
-3943 
-3970 
-3997 
-4024 
-4051 
-4078 
-4105 
-4132 
-4159 
-4186 
-4213 
-4240 
-4267 
-4294 
-4321 
-4348 
-4375 
-4402 
-4429 
-4456 
-4483 
-4510 
-4536 
-4562 
-4588 
-4614 
-4640 
-4666 
-4692 
-4708 
-4682 
-4656 
-4630 
-4604 
-4578 
-4552 
-4526 
-4500 
-4474 
-4448 
-4422 
-4396 
-4370 
-4344 
-4318 
-4292 
-4266 
-4240 
-4214 
-4188 
-4162 
-4136 
-4110 
-4084 
-4058 
-4032 
-4006 
-3980 
-3954 
-3928 
-3902 
-3876 
-3839 
-3779 
-3719 
-3659 
-3599 
-3539 
-3479 
-3419 
-3359 
-3299 
-3239 
-3179 
-3119 
-3059 
-2999 
-2939 
-2879 
-2819 
-2759 
-2699 
-2639 
-2579 
-2519 
-2459 
-2399 
-2339 
-2279 
-2219 
-2159 
-2099 
-2039 
-1979 
-1919 
-1849 
-1772 
-1695 
-1618 
-1541 
-1464 
-1387 
-1310 
-1233 
-1156 
-1079 
-1002 
-925 
-848 
-771 
-694 
-617 
-540 
-463 
-386 
-309 
-232 
-155 
-78 
-1 
76 
153 
230 
307 
384 
461 
538 
615 
694 
771 
848 
925 
1002 
1079 
1156 
1233 
1310 
1387 
1464 
1541 
1618 
1695 
1772 
1849 
1926 
2003 
2080 
2157 
2234 
2311 
2388 
2465 
2542 
2618 
2694 
2770 
2846 
2922 
2998 
3074 
3150 
3211 
3270 
3329 
3388 
3447 
3506 
3565 
3624 
3683 
3742 
3801 
3860 
3919 
3978 
4037 
4096 
4155 
4214 
4273 
4332 
4391 
4450 
4509 
4568 
4627 
4685 
4743 
4801 
4859 
4917 
4975 
5033 
5087 
5112 
5137 
5162 
5187 
5212 
5237 
5262 
5287 
5312 
5337 
5362 
5387 
5412 
5437 
5462 
5487 
5512 
5537 
5562 
5587 
5612 
5637 
5662 
5687 
5712 
5736 
5760 
5784 
5808 
5832 
5856 
5880 
5891 
5866 
5841 
5816 
5791 
5766 
5741 
5716 
5691 
5666 
5641 
5616 
5591 
5566 
5541 
5516 
5491 
5466 
5441 
5416 
5391 
5366 
5341 
5316 
5291 
5266 
5241 
5216 
5191 
5166 
5141 
5116 
5091 
5053 
4996 
4939 
4882 
4825 
4768 
4711 
4654 
4597 
4540 
4483 
4426 
4369 
4312 
4255 
4198 
4141 
4084 
4027 
3970 
3913 
3856 
3799 
3742 
3685 
3628 
3571 
3514 
3457 
3400 
3343 
3286 
3229 
3161 
3088 
3015 
2942 
2869 
2796 
2723 
2650 
2577 
2504 
2431 
2358 
2285 
2212 
2139 
2066 
1993 
1920 
1847 
1774 
1701 
1628 
1555 
1482 
1409 
1336 
1263 
1190 
1117 
1044 
971 
898 
825 
750 
677 
604 
531 
458 
385 
312 
239 
166 
93 
20 
-53 
-126 
-199 
-272 
-345 
-418 
-491 
-564 
-637 
-710 
-783 
-856 
-929 
-1002 
-1074 
-1146 
-1218 
-1290 
-1362 
-1434 
-1506 
-1577 
-1635 
-1691 
-1747 
-1803 
-1859 
-1915 
-1971 
-2027 
-2083 
-2139 
-2195 
-2251 
-2307 
-2363 
-2419 
-2475 
-2531 
-2587 
-2643 
-2699 
-2755 
-2811 
-2867 
-2923 
-2979 
-3034 
-3089 
-3144 
-3199 
-3254 
-3309 
-3364 
-3413 
-3437 
-3461 
-3485 
-3509 
-3533 
-3557 
-3581 
-3605 
-3629 
-3653 
-3677 
-3701 
-3725 
-3749 
-3773 
-3797 
-3821 
-3845 
-3869 
-3893 
-3917 
-3941 
-3965 
-3989 
-4013 
-4036 
-4059 
-4082 
-4105 
-4128 
-4151 
-4174 
-4181 
-4158 
-4135 
-4112 
-4089 
-4066 
-4043 
-4020 
-3997 
-3974 
-3951 
-3928 
-3905 
-3882 
-3859 
-3836 
-3813 
-3790 
-3767 
-3744 
-3721 
-3698 
-3675 
-3652 
-3629 
-3606 
-3583 
-3560 
-3537 
-3514 
-3491 
-3468 
-3445 
-3407 
-3354 
-3301 
-3248 
-3195 
-3142 
-3089 
-3036 
-2983 
-2930 
-2877 
-2824 
-2771 
-2718 
-2665 
-2612 
-2559 
-2506 
-2453 
-2400 
-2347 
-2294 
-2241 
-2188 
-2135 
-2082 
-2029 
-1976 
-1923 
-1870 
-1817 
-1764 
-1711 
-1646 
-1578 
-1510 
-1442 
-1374 
-1306 
-1238 
-1170 
-1102 
-1034 
-966 
-898 
-830 
-762 
-694 
-626 
-558 
-490 
-422 
-354 
-286 
-218 
-150 
-82 
-14 
54 
122 
190 
258 
326 
394 
462 
530 
600 
668 
736 
804 
872 
940 
1008 
1076 
1144 
1212 
1280 
1348 
1416 
1484 
1552 
1620 
1688 
1756 
1824 
1892 
1960 
2028 
2096 
2164 
2232 
2299 
2366 
2433 
2500 
2567 
2634 
2701 
2768 
2820 
2872 
2924 
2976 
3028 
3080 
3132 
3184 
3236 
3288 
3340 
3392 
3444 
3496 
3548 
3600 
3652 
3704 
3756 
3808 
3860 
3912 
3964 
4016 
4068 
4119 
4170 
4221 
4272 
4323 
4374 
4425 
4468 
4490 
4512 
4534 
4556 
4578 
4600 
4622 
4644 
4666 
4688 
4710 
4732 
4754 
4776 
4798 
4820 
4842 
4864 
4886 
4908 
4930 
4952 
4974 
4996 
5017 
5038 
5059 
5080 
5101 
5122 
5143 
5164 
5167 
5145 
5123 
5101 
5079 
5057 
5035 
5013 
4991 
4969 
4947 
4925 
4903 
4881 
4859 
4837 
4815 
4793 
4771 
4749 
4727 
4705 
4683 
4661 
4639 
4617 
4595 
4573 
4551 
4529 
4507 
4485 
4463 
4425 
4375 
4325 
4275 
4225 
4175 
4125 
4075 
4025 
3975 
3925 
3875 
3825 
3775 
3725 
3675 
3625 
3575 
3525 
3475 
3425 
3375 
3325 
3275 
3225 
3175 
3125 
3075 
3025 
2975 
2925 
2875 
2825 
2763 
2699 
2635 
2571 
2507 
2443 
2379 
2315 
2251 
2187 
2123 
2059 
1995 
1931 
1867 
1803 
1739 
1675 
1611 
1547 
1483 
1419 
1355 
1291 
1227 
1163 
1099 
1035 
971 
907 
843 
779 
715 
650 
586 
522 
458 
394 
330 
266 
202 
138 
74 
10 
-54 
-118 
-182 
-246 
-310 
-374 
-438 
-502 
-566 
-630 
-694 
-758 
-822 
-886 
-949 
-1012 
-1075 
-1138 
-1201 
-1264 
-1327 
-1388 
-1437 
-1486 
-1535 
-1584 
-1633 
-1682 
-1731 
-1780 
-1829 
-1878 
-1927 
-1976 
-2025 
-2074 
-2123 
-2172 
-2221 
-2270 
-2319 
-2368 
-2417 
-2466 
-2515 
-2564 
-2613 
-2661 
-2709 
-2757 
-2805 
-2853 
-2901 
-2949 
-2987 
-3008 
-3029 
-3050 
-3071 
-3092 
-3113 
-3134 
-3155 
-3176 
-3197 
-3218 
-3239 
-3260 
-3281 
-3302 
-3323 
-3344 
-3365 
-3386 
-3407 
-3428 
-3449 
-3470 
-3491 
-3511 
-3531 
-3551 
-3571 
-3591 
-3611 
-3631 
-3651 
-3651 
-3631 
-3611 
-3591 
-3571 
-3551 
-3531 
-3511 
-3491 
-3471 
-3451 
-3431 
-3411 
-3391 
-3371 
-3351 
-3331 
-3311 
-3291 
-3271 
-3251 
-3231 
-3211 
-3191 
-3171 
-3151 
-3131 
-3111 
-3091 
-3071 
-3051 
-3031 
-3011 
-2974 
-2928 
-2882 
-2836 
-2790 
-2744 
-2698 
-2652 
-2606 
-2560 
-2514 
-2468 
-2422 
-2376 
-2330 
-2284 
-2238 
-2192 
-2146 
-2100 
-2054 
-2008 
-1962 
-1916 
-1870 
-1824 
-1778 
-1732 
-1686 
-1640 
-1594 
-1548 
-1502 
-1445 
-1386 
-1327 
-1268 
-1209 
-1150 
-1091 
-1032 
-973 
-914 
-855 
-796 
-737 
-678 
-619 
-560 
-501 
-442 
-383 
-324 
-265 
-206 
-147 
-88 
-29 
30 
89 
148 
207 
266 
325 
384 
444 
503 
562 
621 
680 
739 
798 
857 
916 
975 
1034 
1093 
1152 
1211 
1270 
1329 
1388 
1447 
1506 
1565 
1624 
1683 
1742 
1801 
1860 
1919 
1977 
2035 
2093 
2151 
2209 
2267 
2325 
2380 
2425 
2470 
2515 
2560 
2605 
2650 
2695 
2740 
2785 
2830 
2875 
2920 
2965 
3010 
3055 
3100 
3145 
3190 
3235 
3280 
3325 
3370 
3415 
3460 
3504 
3548 
3592 
3636 
3680 
3724 
3768 
3812 
3845 
3864 
3883 
3902 
3921 
3940 
3959 
3978 
3997 
4016 
4035 
4054 
4073 
4092 
4111 
4130 
4149 
4168 
4187 
4206 
4225 
4244 
4263 
4282 
4301 
4319 
4337 
4355 
4373 
4391 
4409 
4427 
4445 
4442 
4423 
4404 
4385 
4366 
4347 
4328 
4309 
4290 
4271 
4252 
4233 
4214 
4195 
4176 
4157 
4138 
4119 
4100 
4081 
4062 
4043 
4024 
4005 
3986 
3967 
3948 
3929 
3910 
3891 
3872 
3853 
3834 
3798 
3755 
3712 
3669 
3626 
3583 
3540 
3497 
3454 
3411 
3368 
3325 
3282 
3239 
3196 
3153 
3110 
3067 
3024 
2981 
2938 
2895 
2852 
2809 
2766 
2723 
2680 
2637 
2594 
2551 
2508 
2465 
2422 
2368 
2313 
2258 
2203 
2148 
2093 
2038 
1983 
1928 
1873 
1818 
1763 
1708 
1653 
1598 
1543 
1488 
1433 
1378 
1323 
1268 
1213 
1158 
1103 
1048 
993 
938 
883 
828 
773 
718 
663 
607 
552 
497 
442 
387 
332 
277 
222 
167 
112 
57 
2 
-53 
-108 
-163 
-218 
-273 
-328 
-383 
-438 
-493 
-548 
-603 
-658 
-713 
-768 
-822 
-876 
-930 
-984 
-1038 
-1092 
-1146 
-1196 
-1238 
-1280 
-1322 
-1364 
-1406 
-1448 
-1490 
-1532 
-1574 
-1616 
-1658 
-1700 
-1742 
-1784 
-1826 
-1868 
-1910 
-1952 
-1994 
-2036 
-2078 
-2120 
-2162 
-2204 
-2245 
-2286 
-2327 
-2368 
-2409 
-2450 
-2491 
-2532 
-2561 
-2579 
-2597 
-2615 
-2633 
-2651 
-2669 
-2687 
-2705 
-2723 
-2741 
-2759 
-2777 
-2795 
-2813 
-2831 
-2849 
-2867 
-2885 
-2903 
-2921 
-2939 
-2957 
-2975 
-2993 
-3010 
-3027 
-3044 
-3061 
-3078 
-3095 
-3112 
-3129 
-3124 
-3107 
-3090 
-3073 
-3056 
-3039 
-3022 
-3005 
-2988 
-2971 
-2954 
-2937 
-2920 
-2903 
-2886 
-2869 
-2852 
-2835 
-2818 
-2801 
-2784 
-2767 
-2750 
-2733 
-2716 
-2699 
-2682 
-2665 
-2648 
-2631 
-2614 
-2597 
-2580 
-2546 
-2507 
-2468 
-2429 
-2390 
-2351 
-2312 
-2273 
-2234 
-2195 
-2156 
-2117 
-2078 
-2039 
-2000 
-1961 
-1922 
-1883 
-1844 
-1805 
-1766 
-1727 
-1688 
-1649 
-1610 
-1571 
-1532 
-1493 
-1454 
-1415 
-1376 
-1337 
-1297 
-1248 
-1198 
-1148 
-1098 
-1048 
-998 
-948 
-898 
-848 
-798 
-748 
-698 
-648 
-598 
-548 
-498 
-448 
-398 
-348 
-298 
-248 
-198 
-148 
-98 
-48 
2 
52 
102 
152 
202 
252 
302 
353 
403 
453 
503 
553 
603 
653 
703 
753 
803 
853 
903 
953 
1003 
1053 
1103 
1153 
1203 
1253 
1303 
1353 
1403 
1453 
1503 
1553 
1602 
1651 
1700 
1749 
1798 
1847 
1896 
1945 
1990 
2028 
2066 
2104 
2142 
2180 
2218 
2256 
2294 
2332 
2370 
2408 
2446 
2484 
2522 
2560 
2598 
2636 
2674 
2712 
2750 
2788 
2826 
2864 
2902 
2939 
2976 
3013 
3050 
3087 
3124 
3161 
3198 
3223 
3239 
3255 
3271 
3287 
3303 
3319 
3335 
3351 
3367 
3383 
3399 
3415 
3431 
3447 
3463 
3479 
3495 
3511 
3527 
3543 
3559 
3575 
3591 
3607 
3622 
3637 
3652 
3667 
3682 
3697 
3712 
3727 
3720 
3704 
3688 
3672 
3656 
3640 
3624 
3608 
3592 
3576 
3560 
3544 
3528 
3512 
3496 
3480 
3464 
3448 
3432 
3416 
3400 
3384 
3368 
3352 
3336 
3320 
3304 
3288 
3272 
3256 
3240 
3224 
3208 
3175 
3139 
3103 
3067 
3031 
2995 
2959 
2923 
2887 
2851 
2815 
2779 
2743 
2707 
2671 
2635 
2599 
2563 
2527 
2491 
2455 
2419 
2383 
2347 
2311 
2275 
2239 
2203 
2167 
2131 
2095 
2059 
2022 
1976 
1930 
1884 
1838 
1792 
1746 
1700 
1654 
1608 
1562 
1516 
1470 
1424 
1378 
1332 
1286 
1240 
1194 
1148 
1102 
1056 
1010 
964 
918 
872 
826 
780 
734 
688 
642 
596 
550 
503 
457 
411 
365 
319 
273 
227 
181 
135 
89 
43 
-3 
-49 
-95 
-141 
-187 
-233 
-279 
-325 
-371 
-417 
-463 
-509 
-555 
-601 
-646 
-691 
-736 
-781 
-826 
-871 
-916 
-961 
-1002 
-1037 
-1072 
-1107 
-1142 
-1177 
-1212 
-1247 
-1282 
-1317 
-1352 
-1387 
-1422 
-1457 
-1492 
-1527 
-1562 
-1597 
-1632 
-1667 
-1702 
-1737 
-1772 
-1807 
-1842 
-1876 
-1910 
-1944 
-1978 
-2012 
-2046 
-2080 
-2114 
-2136 
-2151 
-2166 
-2181 
-2196 
-2211 
-2226 
-2241 
-2256 
-2271 
-2286 
-2301 
-2316 
-2331 
-2346 
-2361 
-2376 
-2391 
-2406 
-2421 
-2436 
-2451 
-2466 
-2481 
-2496 
-2510 
-2524 
-2538 
-2552 
-2566 
-2580 
-2594 
-2608 
-2600 
-2586 
-2572 
-2558 
-2544 
-2530 
-2516 
-2502 
-2488 
-2474 
-2460 
-2446 
-2432 
-2418 
-2404 
-2390 
-2376 
-2362 
-2348 
-2334 
-2320 
-2306 
-2292 
-2278 
-2264 
-2250 
-2236 
-2222 
-2208 
-2194 
-2180 
-2166 
-2152 
-2121 
-2089 
-2057 
-2025 
-1993 
-1961 
-1929 
-1897 
-1865 
-1833 
-1801 
-1769 
-1737 
-1705 
-1673 
-1641 
-1609 
-1577 
-1545 
-1513 
-1481 
-1449 
-1417 
-1385 
-1353 
-1321 
-1289 
-1257 
-1225 
-1193 
-1161 
-1129 
-1095 
-1054 
-1013 
-972 
-931 
-890 
-849 
-808 
-767 
-726 
-685 
-644 
-603 
-562 
-521 
-480 
-439 
-398 
-357 
-316 
-275 
-234 
-193 
-152 
-111 
-70 
-29 
12 
53 
94 
135 
176 
217 
259 
300 
341 
382 
423 
464 
505 
546 
587 
628 
669 
710 
751 
792 
833 
874 
915 
956 
997 
1038 
1079 
1120 
1161 
1202 
1243 
1283 
1323 
1363 
1403 
1443 
1483 
1523 
1563 
1599 
1630 
1661 
1692 
1723 
1754 
1785 
1816 
1847 
1878 
1909 
1940 
1971 
2002 
2033 
2064 
2095 
2126 
2157 
2188 
2219 
2250 
2281 
2312 
2343 
2373 
2403 
2433 
2463 
2493 
2523 
2553 
2583 
2601 
2614 
2627 
2640 
2653 
2666 
2679 
2692 
2705 
2718 
2731 
2744 
2757 
2770 
2783 
2796 
2809 
2822 
2835 
2848 
2861 
2874 
2887 
2900 
2913 
2925 
2937 
2949 
2961 
2973 
2985 
2997 
3009 
2999 
2986 
2973 
2960 
2947 
2934 
2921 
2908 
2895 
2882 
2869 
2856 
2843 
2830 
2817 
2804 
2791 
2778 
2765 
2752 
2739 
2726 
2713 
2700 
2687 
2674 
2661 
2648 
2635 
2622 
2609 
2596 
2583 
2554 
2525 
2496 
2467 
2438 
2409 
2380 
2351 
2322 
2293 
2264 
2235 
2206 
2177 
2148 
2119 
2090 
2061 
2032 
2003 
1974 
1945 
1916 
1887 
1858 
1829 
1800 
1771 
1742 
1713 
1684 
1655 
1624 
1587 
1550 
1513 
1476 
1439 
1402 
1365 
1328 
1291 
1254 
1217 
1180 
1143 
1106 
1069 
1032 
995 
958 
921 
884 
847 
810 
773 
736 
699 
662 
625 
588 
551 
514 
477 
440 
402 
365 
328 
291 
254 
217 
180 
143 
106 
69 
32 
-5 
-42 
-79 
-116 
-153 
-190 
-227 
-264 
-301 
-338 
-375 
-412 
-449 
-486 
-522 
-558 
-594 
-630 
-666 
-702 
-738 
-774 
-806 
-834 
-862 
-890 
-918 
-946 
-974 
-1002 
-1030 
-1058 
-1086 
-1114 
-1142 
-1170 
-1198 
-1226 
-1254 
-1282 
-1310 
-1338 
-1366 
-1394 
-1422 
-1450 
-1478 
-1505 
-1532 
-1559 
-1586 
-1613 
-1640 
-1667 
-1694 
-1709 
-1721 
-1733 
-1745 
-1757 
-1769 
-1781 
-1793 
-1805 
-1817 
-1829 
-1841 
-1853 
-1865 
-1877 
-1889 
-1901 
-1913 
-1925 
-1937 
-1949 
-1961 
-1973 
-1985 
-1997 
-2008 
-2019 
-2030 
-2041 
-2052 
-2063 
-2074 
-2085 
-2075 
-2064 
-2053 
-2042 
-2031 
-2020 
-2009 
-1998 
-1987 
-1976 
-1965 
-1954 
-1943 
-1932 
-1921 
-1910 
-1899 
-1888 
-1877 
-1866 
-1855 
-1844 
-1833 
-1822 
-1811 
-1800 
-1789 
-1778 
-1767 
-1756 
-1745 
-1734 
-1722 
-1697 
-1672 
-1647 
-1622 
-1597 
-1572 
-1547 
-1522 
-1497 
-1472 
-1447 
-1422 
-1397 
-1372 
-1347 
-1322 
-1297 
-1272 
-1247 
-1222 
-1197 
-1172 
-1147 
-1122 
-1097 
-1072 
-1047 
-1022 
-997 
-972 
-947 
-922 
-895 
-863 
-831 
-799 
-767 
-735 
-703 
-671 
-639 
-607 
-575 
-543 
-511 
-479 
-447 
-415 
-383 
-351 
-319 
-287 
-255 
-223 
-191 
-159 
-127 
-95 
-63 
-31 
1 
33 
65 
97 
129 
162 
194 
226 
258 
290 
322 
354 
386 
418 
450 
482 
514 
546 
578 
610 
642 
674 
706 
738 
770 
802 
834 
866 
898 
930 
961 
992 
1023 
1054 
1085 
1116 
1147 
1178 
1205 
1229 
1253 
1277 
1301 
1325 
1349 
1373 
1397 
1421 
1445 
1469 
1493 
1517 
1541 
1565 
1589 
1613 
1637 
1661 
1685 
1709 
1733 
1757 
1781 
1804 
1827 
1850 
1873 
1896 
1919 
1942 
1965 
1976 
1986 
1996 
2006 
2016 
2026 
2036 
2046 
2056 
2066 
2076 
2086 
2096 
2106 
2116 
2126 
2136 
2146 
2156 
2166 
2176 
2186 
2196 
2206 
2216 
2225 
2234 
2243 
2252 
2261 
2270 
2279 
2288 
2278 
2268 
2258 
2248 
2238 
2228 
2218 
2208 
2198 
2188 
2178 
2168 
2158 
2148 
2138 
2128 
2118 
2108 
2098 
2088 
2078 
2068 
2058 
2048 
2038 
2028 
2018 
2008 
1998 
1988 
1978 
1968 
1957 
1935 
1913 
1891 
1869 
1847 
1825 
1803 
1781 
1759 
1737 
1715 
1693 
1671 
1649 
1627 
1605 
1583 
1561 
1539 
1517 
1495 
1473 
1451 
1429 
1406 
1384 
1362 
1340 
1318 
1296 
1274 
1252 
1229 
1201 
1173 
1145 
1117 
1089 
1061 
1033 
1005 
977 
949 
921 
893 
865 
837 
809 
781 
753 
725 
697 
669 
641 
613 
585 
557 
529 
501 
473 
445 
417 
389 
361 
333 
305 
277 
249 
221 
193 
165 
137 
109 
81 
53 
25 
-3 
-31 
-59 
-87 
-115 
-143 
-171 
-199 
-227 
-255 
-283 
-311 
-339 
-367 
-394 
-421 
-448 
-475 
-502 
-529 
-556 
-583 
-605 
-626 
-647 
-668 
-689 
-710 
-731 
-752 
-773 
-794 
-815 
-836 
-857 
-878 
-899 
-920 
-941 
-962 
-983 
-1004 
-1025 
-1046 
-1067 
-1088 
-1109 
-1129 
-1149 
-1169 
-1189 
-1209 
-1229 
-1249 
-1269 
-1278 
-1287 
-1296 
-1305 
-1314 
-1323 
-1332 
-1341 
-1350 
-1359 
-1368 
-1377 
-1386 
-1395 
-1404 
-1413 
-1422 
-1431 
-1440 
-1449 
-1458 
-1467 
-1476 
-1485 
-1494 
-1502 
-1510 
-1518 
-1526 
-1534 
-1542 
-1550 
-1557 
-1549 
-1541 
-1533 
-1525 
-1517 
-1509 
-1501 
-1493 
-1485 
-1477 
-1469 
-1461 
-1453 
-1445 
-1437 
-1429 
-1421 
-1413 
-1405 
-1397 
-1389 
-1381 
-1373 
-1365 
-1357 
-1349 
-1341 
-1333 
-1325 
-1317 
-1309 
-1301 
-1292 
-1274 
-1256 
-1238 
-1220 
-1202 
-1184 
-1166 
-1148 
-1130 
-1112 
-1094 
-1076 
-1058 
-1040 
-1022 
-1004 
-986 
-968 
-950 
-932 
-914 
-896 
-878 
-860 
-842 
-824 
-806 
-788 
-770 
-752 
-734 
-716 
-697 
-674 
-651 
-628 
-605 
-582 
-559 
-536 
-513 
-490 
-467 
-444 
-421 
-398 
-375 
-352 
-329 
-306 
-283 
-260 
-237 
-214 
-191 
-168 
-145 
-122 
-99 
-76 
-53 
-30 
-7 
16 
39 
62 
85 
108 
131 
154 
177 
200 
223 
246 
269 
292 
315 
338 
361 
384 
407 
430 
453 
476 
499 
522 
545 
568 
591 
614 
636 
658 
680 
702 
724 
746 
768 
790 
807 
824 
841 
858 
875 
892 
909 
926 
943 
960 
977 
994 
1011 
1028 
1045 
1062 
1079 
1096 
1113 
1130 
1147 
1164 
1181 
1198 
1215 
1231 
1247 
1263 
1279 
1295 
1311 
1327 
1343 
1350 
1357 
1364 
1371 
1378 
1385 
1392 
1399 
1406 
1413 
1420 
1427 
1434 
1441 
1448 
1455 
1462 
1469 
1476 
1483 
1490 
1497 
1504 
1511 
1518 
1524 
1530 
1536 
1542 
1548 
1554 
1560 
1565 
1558 
1551 
1544 
1537 
1530 
1523 
1516 
1509 
1502 
1495 
1488 
1481 
1474 
1467 
1460 
1453 
1446 
1439 
1432 
1425 
1418 
1411 
1404 
1397 
1390 
1383 
1376 
1369 
1362 
1355 
1348 
1341 
1333 
1318 
1303 
1288 
1273 
1258 
1243 
1228 
1213 
1198 
1183 
1168 
1153 
1138 
1123 
1108 
1093 
1078 
1063 
1048 
1033 
1018 
1003 
988 
973 
958 
943 
928 
913 
898 
883 
868 
853 
837 
818 
799 
780 
761 
742 
723 
704 
685 
666 
647 
628 
609 
590 
571 
552 
533 
514 
495 
476 
457 
438 
419 
400 
381 
362 
343 
324 
305 
286 
267 
248 
229 
210 
191 
172 
153 
134 
115 
96 
77 
58 
39 
20 
1 
-18 
-37 
-56 
-75 
-94 
-113 
-132 
-151 
-170 
-189 
-208 
-227 
-246 
-264 
-282 
-300 
-318 
-336 
-354 
-372 
-390 
-404 
-418 
-432 
-446 
-460 
-474 
-488 
-502 
-516 
-530 
-544 
-558 
-572 
-586 
-600 
-614 
-628 
-642 
-656 
-670 
-684 
-698 
-712 
-726 
-740 
-753 
-766 
-779 
-792 
-805 
-818 
-831 
-844 
-850 
-856 
-862 
-868 
-874 
-880 
-886 
-892 
-898 
-904 
-910 
-916 
-922 
-928 
-934 
-940 
-946 
-952 
-958 
-964 
-970 
-976 
-982 
-988 
-994 
-999 
-1004 
-1009 
-1014 
-1019 
-1024 
-1029 
-1033 
-1028 
-1023 
-1018 
-1013 
-1008 
-1003 
-998 
-993 
-988 
-983 
-978 
-973 
-968 
-963 
-958 
-953 
-948 
-943 
-938 
-933 
-928 
-923 
-918 
-913 
-908 
-903 
-898 
-893 
-888 
-883 
-878 
-873 
-867 
-856 
-845 
-834 
-823 
-812 
-801 
-790 
-779 
-768 
-757 
-746 
-735 
-724 
-713 
-702 
-691 
-680 
-669 
-658 
-647 
-636 
-625 
-614 
-603 
-592 
-581 
-570 
-559 
-548 
-537 
-526 
-515 
-503 
-489 
-475 
-461 
-447 
-433 
-419 
-405 
-391 
-377 
-363 
-349 
-335 
-321 
-307 
-293 
-279 
-265 
-251 
-237 
-223 
-209 
-195 
-181 
-167 
-153 
-139 
-125 
-111 
-97 
-83 
-69 
-55 
-41 
-27 
-13 
1 
15 
29 
43 
57 
71 
85 
99 
113 
127 
141 
155 
169 
183 
197 
211 
225 
239 
253 
267 
281 
295 
308 
321 
334 
347 
360 
373 
386 
399 
409 
419 
429 
439 
449 
459 
469 
479 
489 
499 
509 
519 
529 
539 
549 
559 
569 
579 
589 
599 
609 
619 
629 
639 
649 
658 
667 
676 
685 
694 
703 
712 
721 
725 
729 
733 
737 
741 
745 
749 
753 
757 
761 
765 
769 
773 
777 
781 
785 
789 
793 
797 
801 
805 
809 
813 
817 
821 
824 
827 
830 
833 
836 
839 
842 
844 
840 
836 
832 
828 
824 
820 
816 
812 
808 
804 
800 
796 
792 
788 
784 
780 
776 
772 
768 
764 
760 
756 
752 
748 
744 
740 
736 
732 
728 
724 
720 
716 
711 
703 
695 
687 
679 
671 
663 
655 
647 
639 
631 
623 
615 
607 
599 
591 
583 
575 
567 
559 
551 
543 
535 
527 
519 
511 
503 
495 
487 
479 
471 
463 
455 
446 
436 
426 
416 
406 
396 
386 
376 
366 
356 
346 
336 
326 
316 
306 
296 
286 
276 
266 
256 
246 
236 
226 
216 
206 
196 
186 
176 
166 
156 
146 
136 
126 
116 
106 
96 
86 
76 
66 
56 
46 
36 
26 
16 
6 
-4 
-14 
-24 
-34 
-44 
-54 
-64 
-74 
-84 
-94 
-104 
-114 
-124 
-133 
-142 
-151 
-160 
-169 
-178 
-187 
-196 
-203 
-210 
-217 
-224 
-231 
-238 
-245 
-252 
-259 
-266 
-273 
-280 
-287 
-294 
-301 
-308 
-315 
-322 
-329 
-336 
-343 
-350 
-357 
-364 
-371 
-377 
-383 
-389 
-395 
-401 
-407 
-413 
-419 
-422 
-425 
-428 
-431 
-434 
-437 
-440 
-443 
-446 
-449 
-452 
-455 
-458 
-461 
-464 
-467 
-470 
-473 
-476 
-479 
-482 
-485 
-488 
-491 
-494 
-496 
-498 
-500 
-502 
-504 
-506 
-508 
-509 
-507 
-505 
-503 
-501 
-499 
-497 
-495 
-493 
-491 
-489 
-487 
-485 
-483 
-481 
-479 
-477 
-475 
-473 
-471 
-469 
-467 
-465 
-463 
-461 
-459 
-457 
-455 
-453 
-451 
-449 
-447 
-445 
-442 
-438 
-434 
-430 
-426 
-422 
-418 
-414 
-410 
-406 
-402 
-398 
-394 
-390 
-386 
-382 
-378 
-374 
-370 
-366 
-362 
-358 
-354 
-350 
-346 
-342 
-338 
-334 
-330 
-326 
-322 
-318 
-314 
-309 
-304 
-299 
-294 
-289 
-284 
-279 
-274 
-269 
-264 
-259 
-254 
-249 
-244 
-239 
-234 
-229 
-224 
-219 
-214 
-209 
-204 
-199 
-194 
-189 
-184 
-179 
-174 
-169 
-164 
-159 
-154 
-149 
-144 
-139 
-134 
-129 
-124 
-119 
-114 
-109 
-104 
-99 
-94 
-89 
-84 
-79 
-74 
-69 
-64 
-59 
-54 
-49 
-44 
-39 
-34 
-29 
-24 
-20 
-16 
-12 
-8 
-4 
0 
4 
8 
11 
14 
17 
20 
23 
26 
29 
32 
35 
38 
41 
44 
47 
50 
53 
56 
59 
62 
65 
68 
71 
74 
77 
80 
83 
85 
87 
89 
91 
93 
95 
97 
99 
100 
101 
102 
103 
104 
105 
106 
107 
108 
109 
110 
111 
112 
113 
114 
115 
116 
117 
118 
119 
120 
121 
122 
123 
123 
123 
123 
123 
123 
123 
123 
123 
123 
122 
121 
120 
119 
118 
117 
116 
115 
114 
113 
112 
111 
110 
109 
108 
107 
106 
105 
104 
103 
102 
101 
100 
99 
98 
97 
96 
95 
94 
93 
92 
91 
90 
89 
88 
87 
86 
85 
84 
83 
82 
81 
80 
79 
78 
77 
76 
75 
74 
73 
72 
71 
70 
69 
68 
67 
66 
65 
64 
63 
62 
61 
60 
59 
58 
57 
56 
55 
54 
53 
52 
51 
50 
49 
48 
47 
46 
45 
44 
43 
42 
41 
40 
39 
38 
37 
36 
35 
34 
33 
32 
31 
30 
29 
28 
27 
26 
25 
24 
23 
22 
21 
20 
19 
18 
17 
16 
15 
14 
13 
12 
11 
10 
9 
8 
7 
6 
5 
4 
3 
2 
1 
0 
0 
0 
0 
0 
0 
0 
0 
0 
0 
0 
0 
0 
0 
0 
0 
0 
0 
0 
0 
0 
0 
0 
0 
0 
0 
0 
0 
0 
0 
0 
0 
0 
0 
